Voltage_measured,Current_measured,Temperature_measured,Current_charge,Voltage_charge,Time
3.6833239180375412,-0.00021119788986431653,5.228954293061133,0.0,0.003,0.0
3.9907754414252614,1.513315879830602,5.246878331810674,1.498,4.694,2.4840000000000018
4.019365351319099,1.5103519452013996,5.261306992261545,1.498,4.796,8.859000000000002
4.038132068381795,1.5103257913237103,5.277328749869943,1.498,4.812,15.265
4.053472727781377,1.5108935257167104,5.285212265363436,1.498,4.829,21.625
4.067063451737223,1.5086633483679563,5.327866713509893,1.498,4.839,27.984
4.079424127180547,1.5108473741045454,5.357391374700106,1.498,4.856,34.39
4.090799944224767,1.5104589552043037,5.4079844090912355,1.498,4.861,40.797
4.101451806414713,1.5109487528296555,5.443312984581756,1.5,4.872,47.14
4.111342446618577,1.5105844909922865,5.480600842039666,1.498,4.883,53.484
4.120713650737844,1.5100199153139016,5.5133774351364755,1.498,4.893,59.828
4.129849156554436,1.5098800580379748,5.558661073935171,1.498,4.899,66.219
4.138605626495435,1.511166137097847,5.613487032016378,1.498,4.91,72.56200000000001
4.147286504327854,1.511054849064344,5.661865207465131,1.5,4.915,78.906
4.155589217579478,1.5092013992836097,5.708114247978164,1.498,4.926,85.23400000000001
4.163760099304257,1.510492393651373,5.754114969222118,1.498,4.937,91.578
4.172081315853278,1.5091943397603191,5.807691631271085,1.498,4.942,97.922
4.18009668129085,1.5131882840459718,5.865047440357222,1.498,4.948,104.297
4.187986919258448,1.5111549207897117,5.895773044986948,1.498,4.958,110.625
4.196015922869125,1.5121040101376029,5.942586449827039,1.5,4.964,116.98400000000001
4.203738869765277,1.511730588341839,5.998938487820258,1.5,4.975,123.31200000000001
4.2111775133736495,1.5073274388604703,6.067139333105525,1.498,4.98,130.078
4.213382619419362,1.4827596422969258,6.115909341055152,1.471,4.969,136.531
4.214923156582454,1.457003145995871,6.169526639803215,1.447,4.958,143.047
4.215911267516809,1.4337308413255045,6.221106225127034,1.422,4.948,149.484
4.216100688544765,1.4095886840735026,6.26617641226438,1.401,4.937,156.0
4.216186982840325,1.389545664765746,6.325670679472877,1.379,4.926,162.453
4.215974194893467,1.3688688706224177,6.372829724949597,1.358,4.915,168.953
4.215077738974925,1.3487939789214443,6.4140815464709044,1.338,4.904,175.406
4.213910834128065,1.32858517813646,6.470083402223345,1.318,4.893,181.906
4.21252466725939,1.3081383842927496,6.52928709720234,1.3,4.883,188.344
4.210616679248765,1.2912381250213842,6.559248601720586,1.281,4.872,194.859
4.210372586651812,1.2805232382815723,6.618451460402074,1.273,4.866,201.359
4.209859794696446,1.2725139834742052,6.6604897499646185,1.263,4.861,207.797
4.209408897985985,1.262724274207684,6.718782567848595,1.254,4.856,214.312
4.208863229679168,1.2542209907034723,6.749744309016754,1.243,4.85,220.765
4.207979669833446,1.2437777691144802,6.793491339092073,1.235,4.845,227.25
4.207161758305041,1.2357252238160383,6.835958749551102,1.225,4.839,233.687
4.206391415277827,1.2275662661501259,6.8680050131448676,1.216,4.834,240.203
4.2070358658705,1.2252842039594558,6.906886476781441,1.216,4.834,246.609
4.2062121714756975,1.2157258161598765,6.937872296003023,1.206,4.829,253.031
4.206834805728223,1.216738885072654,6.970712783530072,1.206,4.829,259.5
4.20752177960719,1.2147220045804599,7.010488821138172,1.205,4.829,265.922
4.208274310381317,1.2135149681157005,7.0511477923005055,1.204,4.829,272.328
4.207499795767067,1.2037064598709137,7.090605380470447,1.194,4.823,278.844
4.20642723703738,1.1966409838411605,7.108166393629692,1.186,4.818,285.25
4.206823216260494,1.1942202576774952,7.141926172416178,1.186,4.818,291.734
4.205896108135938,1.1854932474235012,7.17817389289745,1.176,4.812,298.172
4.206226649086544,1.1869638869714467,7.21032265550381,1.176,4.812,304.64
4.206818957462973,1.1841555118312674,7.246867915578054,1.175,4.812,311.125
4.205750888197793,1.1732289910470666,7.278550299729425,1.166,4.807,317.594
4.205929003635946,1.1754051126826808,7.301057273444161,1.166,4.807,324.062
4.206597305667437,1.1736587484768473,7.33869204801369,1.164,4.807,330.5
4.2054750314684375,1.1648925239144399,7.377447057097851,1.156,4.802,336.937
4.206021853120268,1.1645968189791385,7.40538537045158,1.156,4.802,343.406
4.206370294415056,1.1615448296641466,7.428140299582471,1.155,4.802,349.828
4.20679909864492,1.1624166979118784,7.466705940485227,1.153,4.802,356.328
4.207286230279787,1.1611318739575498,7.484489173459471,1.153,4.802,362.797
4.207913258191679,1.1630724200974762,7.516746640311292,1.152,4.802,369.203
4.206729273888096,1.1495466079894225,7.545436079638865,1.144,4.796,375.703
4.205494702367522,1.145404154755084,7.580675217917302,1.134,4.791,382.203
4.205713827064916,1.1436069707940473,7.604556383740758,1.136,4.791,388.734
4.206127961946451,1.143374083866964,7.629047631445247,1.134,4.791,395.203
4.2065045364561335,1.1433283931393075,7.64895264360978,1.134,4.791,401.609
4.207145936235267,1.1386485101177746,7.672736820612667,1.133,4.791,408.078
4.207553020936874,1.1423670451705443,7.689918722012071,1.133,4.791,414.5
4.206540180526509,1.1336633734787596,7.7270878904571285,1.123,4.785,421.0
4.206497789647856,1.1309332733024635,7.743119243779904,1.123,4.785,427.469
4.207100482363747,1.1308768089794163,7.7587999032008605,1.122,4.785,433.875
4.205892235059069,1.1236474662310787,7.777280728088453,1.114,4.78,440.375
4.20615991365825,1.1220194142115358,7.800521437749381,1.113,4.78,446.797
4.20635806063433,1.122104756003284,7.815718570984834,1.113,4.78,453.265
4.206827825117359,1.1194299285186908,7.844569727735121,1.113,4.78,459.672
4.20721272786755,1.1208591960377137,7.855414300922944,1.111,4.78,466.14
4.207646642991615,1.1209483459802008,7.878740806094012,1.111,4.78,472.547
4.206535726534232,1.1094079324594317,7.9223773215170725,1.102,4.775,479.031
4.206749467868913,1.1079703658932007,7.921368848070665,1.102,4.775,485.437
4.207224824376593,1.1085445320704461,7.941142211565984,1.102,4.775,491.89
4.207542696238832,1.1087112464970144,7.95773521235589,1.1,4.775,498.297
4.207970587254905,1.1082364286579007,7.969817274353343,1.099,4.775,504.75
4.20692131648759,1.1006387565749685,7.994102224318558,1.091,4.769,511.187
4.207256230372901,1.09892425720873,8.03039994365982,1.091,4.769,517.656
4.207708881132473,1.100350250565833,8.053738723142947,1.089,4.769,524.047
4.20621491469394,1.0899331934967793,8.073405588727997,1.081,4.764,530.547
4.206283731268794,1.088573369260718,8.077240724605323,1.081,4.764,536.937
4.206736815488176,1.0882326913056275,8.093781608911623,1.08,4.764,543.406
4.206955710559579,1.0883414996540708,8.107958224082752,1.08,4.764,549.797
4.207380123285769,1.089462908550232,8.133635347650406,1.079,4.764,556.265
4.2076965843793905,1.0856420540885503,8.156129499624235,1.079,4.764,562.656
4.206698902504707,1.078756226968006,8.166261012363101,1.069,4.758,569.156
4.205303357023161,1.0721726571676455,8.182387612375171,1.061,4.753,575.578
4.205327189913261,1.0696288347371505,8.200974179756335,1.061,4.753,582.031
4.205719184188755,1.0704203993690997,8.210366399921773,1.061,4.753,588.437
4.205838751049955,1.0690338565491901,8.232315166465604,1.061,4.753,594.89
4.206190255377065,1.0683277426487117,8.239967571719788,1.06,4.753,601.297
4.206513293100729,1.0677332539784052,8.256553402329875,1.06,4.753,607.75
4.206978900599637,1.0651917772174153,8.268938872835431,1.058,4.753,614.172
4.207292904795187,1.0633108965854632,8.28082042123786,1.058,4.753,620.625
4.207641608475371,1.0672124223401744,8.295164174233859,1.057,4.753,627.031
4.206620055580651,1.0576099855760825,8.312391540369017,1.049,4.748,633.515
4.206956678857605,1.0561934459087212,8.328194460524932,1.049,4.748,639.937
4.207002775840521,1.0563481422578977,8.342852211045104,1.047,4.748,646.39
4.20746060808222,1.0535495004729312,8.361805552094543,1.047,4.748,652.797
4.207723801926937,1.0568925317664395,8.373978801529983,1.046,4.748,659.265
4.206914695445482,1.0476000842207176,8.393865046995057,1.039,4.742,665.703
4.2069362001980535,1.0474706361411574,8.403176851153084,1.039,4.742,672.172
4.207328028079376,1.0471367211523797,8.408697872338031,1.038,4.742,678.64
4.2078368413993505,1.0464777526013467,8.406614240078111,1.038,4.742,685.047
4.206684850309173,1.0358283186226513,8.433434149236705,1.028,4.737,691.547
4.206746744909491,1.0359270925693198,8.447833286648844,1.028,4.737,697.969
4.207006866961365,1.0356822689225558,8.482921596746142,1.028,4.737,704.422
4.207342997705292,1.0368371198734907,8.48420037703295,1.027,4.737,710.828
4.207622879254975,1.0352268074128144,8.494338367429823,1.027,4.737,717.297
4.206696680457316,1.0275321672716378,8.52338706869676,1.019,4.731,723.734
4.206715393043109,1.028313044783855,8.520102076370113,1.019,4.731,730.187
4.206994036836734,1.0248743424724063,8.529282022763008,1.017,4.731,736.594
4.207254550529735,1.024913786786467,8.560962882564036,1.017,4.731,743.062
4.207590014851103,1.026077405842852,8.569399003422685,1.016,4.731,749.469
4.206466083618974,1.015216860641359,8.578967023716993,1.008,4.726,755.969
4.206480051053791,1.0170161469333527,8.59429913638456,1.008,4.726,762.375
4.206875509115555,1.0141350205218196,8.609637309209317,1.008,4.726,768.859
4.207120814246995,1.0138741073144657,8.604778804754773,1.007,4.726,775.328
4.207506393790347,1.014741466979813,8.61610135635885,1.007,4.726,781.719
4.2077967982804525,1.0123534849193867,8.623286509897666,1.005,4.726,788.187
4.206549426624411,1.0017364506497113,8.638796797477402,0.996,4.721,794.609
4.206661424516484,1.002506205209485,8.662197328457854,0.996,4.721,801.078
4.206866609611892,1.0034421343098185,8.660588469492495,0.996,4.721,807.484
4.207207258290864,1.002232657055816,8.675272488444293,0.996,4.721,813.937
4.207518793775503,1.000675095117945,8.679998681543774,0.994,4.721,820.39
4.207967666440059,1.0017160403339287,8.694222433778355,0.994,4.721,826.859
4.208197451740877,1.0021643317577502,8.696537282803984,0.993,4.721,833.265
4.208591627894934,1.0002984786302542,8.706776255608712,0.993,4.721,839.687
4.207454287209073,0.9916212012438388,8.713472566633815,0.983,4.715,846.109
4.207621694996022,0.9930934769396934,8.725923815934182,0.983,4.715,852.515
4.2063665946830735,0.9820117894166291,8.74663103455948,0.975,4.71,858.953
4.206473480678546,0.983155010943833,8.765715431813543,0.975,4.71,865.359
4.206774029665298,0.9838981219052867,8.750973409879627,0.975,4.71,871.75
4.20708376223852,0.9839555273799501,8.757461977222384,0.974,4.71,878.172
4.207284360917092,0.9817678519561901,8.752585114460503,0.974,4.71,884.578
4.2074901551599115,0.9797365243969074,8.775346646457248,0.973,4.71,890.984
4.207855339395987,0.9809690135991933,8.769166464880438,0.973,4.71,897.375
4.208221726144463,0.9793308429883087,8.73817917748247,0.973,4.71,903.781
4.208550842707951,0.9812841651618829,8.681046614254035,0.971,4.71,910.172
4.207520991689489,0.9709631457239661,8.563761865230337,0.963,4.704,916.594
4.207767507036807,0.9700821489067906,8.446809000999469,0.962,4.704,923.0
4.206748756778991,0.9599011192294211,8.358714883011768,0.954,4.699,929.422
4.207006663320184,0.9595016059318843,8.30773304775788,0.952,4.699,935.812
4.207284371775099,0.9601703264914992,8.26838820203774,0.952,4.699,942.219
4.2077451109981,0.9584333249229092,8.160708429126721,0.952,4.699,948.609
4.2067336192552505,0.9512203924705799,8.164246322730426,0.943,4.694,955.031
4.206889418840571,0.9518529130008149,8.079623457093206,0.941,4.694,961.437
4.207588787083016,0.9487339290515882,8.019356389257878,0.941,4.694,967.828
4.207890390659247,0.9470801625194399,7.8900919553543485,0.94,4.694,974.234
4.208672264435687,0.9473574913936366,7.824544023687113,0.939,4.694,980.625
4.20780547920777,0.9358254434721247,7.792352662635723,0.929,4.688,987.047
4.2067014804920175,0.9268531129668934,7.725589851829179,0.921,4.683,993.469
4.206988854681074,0.9279446467837409,7.660948222507279,0.921,4.683,999.875
4.207693702584345,0.9275022701939117,7.593208521096188,0.92,4.683,1006.265
4.208058602095072,0.9273580100200438,7.523592671026524,0.918,4.683,1012.672
4.208755315560894,0.9256445109899806,7.4357375869799345,0.917,4.683,1019.062
4.207723060206757,0.915975140202076,7.390967585959378,0.907,4.677,1025.5
4.2067207283941634,0.9084556064628379,7.330757511498524,0.899,4.672,1031.922
4.206952757629144,0.9053789732592671,7.248336129848909,0.898,4.672,1038.312
4.2074596333705845,0.9048600935266367,7.2058210998922165,0.898,4.672,1044.719
4.208129979749108,0.9035475302039531,7.1489885668691,0.896,4.672,1051.125
4.208703991161406,0.9034989019072721,7.06744806064591,0.895,4.672,1057.515
4.207923184067848,0.8936333649469118,7.0236170622400484,0.886,4.667,1063.922
4.208345359539364,0.8927148521057735,6.950547852952517,0.886,4.667,1070.312
4.208853581055134,0.8899316245776975,6.923005123828361,0.884,4.667,1076.719
4.2080359954083955,0.8829716644169601,6.864831676361034,0.875,4.661,1083.14
4.208589898654478,0.8804874883709086,6.798219524806138,0.873,4.661,1089.906
4.207527446240592,0.8706724586500897,6.774354962653095,0.865,4.656,1096.469
4.207833703315041,0.8706720426689891,6.6891465893428395,0.864,4.656,1103.015
4.208429169530662,0.8713465738945916,6.649814899791781,0.863,4.656,1109.578
4.209222064312955,0.8673814890426584,6.667743671850323,0.863,4.656,1116.14
4.208120055575088,0.8609707205744594,6.751052910014989,0.853,4.65,1122.687
4.208504710016292,0.8593868637983818,6.780119569518995,0.852,4.65,1129.265
4.208931140337713,0.8575556207300721,6.794609234261103,0.852,4.65,1135.781
4.207964301598375,0.85008409946145,6.806767875073672,0.842,4.645,1142.375
4.208197850704645,0.8493909765175075,6.826865828830866,0.842,4.645,1148.89
4.208609983597573,0.8497857267546978,6.8633349324404165,0.841,4.645,1155.453
4.20749222480697,0.8367021143964216,6.859906919532094,0.833,4.64,1162.0
4.207803565824577,0.8383140815591251,6.884628316866259,0.833,4.64,1168.578
4.207936800742375,0.8388763386393233,6.895442290066139,0.831,4.64,1175.094
4.208359245052372,0.8362966249653822,6.901968552482628,0.831,4.64,1181.656
4.208770967928497,0.8375506703450085,6.918364234655981,0.83,4.64,1188.172
4.207483856195174,0.8288202282679754,6.904507155280557,0.822,4.634,1194.75
4.207603544062292,0.8277809678686577,6.908284469409048,0.82,4.634,1201.312
4.20804655801229,0.8280979776438855,6.935416866024985,0.82,4.634,1207.875
4.208177422890295,0.8266491627098469,6.951857161483404,0.82,4.634,1214.39
4.208516597861057,0.8254621885094736,6.959447248781316,0.819,4.634,1220.953
4.2089231589511975,0.8241692552437784,6.9656735557739005,0.819,4.634,1227.875
4.207703302257276,0.8168719886317941,6.962294722039476,0.81,4.629,1234.562
4.207919164342406,0.8178633114668479,6.977602611411568,0.81,4.629,1241.219
4.2082499362027175,0.814906738581456,6.9852287341777926,0.81,4.629,1247.875
4.208588411341501,0.8153744855981162,6.9978668036439915,0.808,4.629,1254.562
4.207223019474516,0.8080012413437854,6.980173697342918,0.8,4.623,1261.265
4.20747233403329,0.8075758872590914,6.9970548258616905,0.8,4.623,1267.953
4.207747492198119,0.8068955859564227,6.987273463989046,0.8,4.623,1274.64
4.207842727426254,0.8065965100253771,7.016579948743444,0.799,4.623,1281.328
4.208143775367852,0.8059548146543282,7.008578392288282,0.799,4.623,1288.015
4.208474980903798,0.8045358455506062,7.010432501302347,0.797,4.623,1294.719
4.208887185654654,0.8051365739802221,7.0098273906602895,0.797,4.623,1301.406
4.207636595603159,0.7950531045712772,7.004456724758147,0.789,4.618,1308.125
4.207940954533979,0.7951767784114171,7.032330568344799,0.788,4.613,1314.812
4.208114468710017,0.793542732499352,7.044594906466053,0.788,4.618,1321.547
4.20815743060074,0.7925033538593143,7.0478907092867615,0.788,4.618,1328.219
4.208525503599706,0.7918483348158145,7.038730178831977,0.786,4.618,1334.937
4.208777722889868,0.7918324780703999,7.046388319508838,0.786,4.618,1341.656
4.20774067018347,0.7865003769445252,7.0427435762606345,0.778,4.613,1348.344
4.2077644646711105,0.7828967743853024,7.061101188490106,0.777,4.613,1355.015
4.207882464001141,0.7835898700938643,7.07986103845842,0.777,4.613,1361.656
4.208151088440354,0.7813138771911605,7.084840239750995,0.777,4.613,1368.328
4.208428520353079,0.7832751321556345,7.091208996271429,0.776,4.613,1375.015
4.208961823572063,0.7817158083554232,7.096051094464008,0.776,4.613,1382.094
4.209157627911002,0.7794613591070448,7.118461786982585,0.774,4.607,1388.937
4.209364944688488,0.779635212696245,7.124954428876631,0.774,4.613,1395.75
4.209732602255162,0.7797767147587541,7.1243142953422,0.773,4.613,1402.515
4.2084921832552284,0.7714514982976549,7.130917694169034,0.765,4.607,1409.265
4.208628313452013,0.7708490144935805,7.1281941216829345,0.765,4.607,1416.047
4.2073062119467135,0.7631376539081584,7.148725421010186,0.757,4.602,1422.89
4.207423499400792,0.7627869552462792,7.171801376084596,0.757,4.602,1429.734
4.207527590277352,0.7611388214856996,7.168741166856215,0.757,4.602,1436.562
4.207748576152927,0.7625118712342668,7.186483376871757,0.757,4.602,1443.39
4.207910269150046,0.7623985170626393,7.1878160842225025,0.755,4.602,1450.14
4.208290969573507,0.7617919285238455,7.1990362028649635,0.755,4.596,1456.89
4.208474079444688,0.76105851533163,7.217410780070389,0.754,4.602,1463.765
4.208849023827804,0.760883504377834,7.217830894826671,0.754,4.596,1470.609
4.2090665107188485,0.7590988359428773,7.230030607034543,0.752,4.602,1477.437
4.2095008330191135,0.758718084079052,7.240107339435642,0.752,4.602,1484.25
4.2097038490764485,0.7575029044620848,7.229483293433534,0.752,4.602,1491.015
4.206887244234709,0.7412216783226556,7.227029822576927,0.735,4.586,1497.781
4.206738565593339,0.7410977864667638,7.250213190477493,0.735,4.591,1504.531
4.207027428788183,0.741937017726341,7.263075999743675,0.735,4.586,1511.359
4.20570594261126,0.733375298103554,7.265049286532478,0.727,4.58,1518.203
4.204111098170096,0.726412205802621,7.284039320533077,0.718,4.58,1525.031
4.204186209199246,0.7264043132374955,7.292189397852971,0.72,4.58,1531.875
4.204155261358702,0.7262755352853046,7.296173113558218,0.72,4.575,1538.703
4.204131767628373,0.725385109449177,7.300321591155696,0.718,4.575,1545.531
4.204484779545275,0.7253327870573577,7.314042088880021,0.718,4.58,1552.281
4.202987065046184,0.717128133818355,7.326782544342389,0.71,4.569,1559.062
4.204617756434922,0.7243974108122699,7.334752251867196,0.718,4.58,1565.875
4.20490234131215,0.7237141308083708,7.351678993789275,0.718,4.58,1572.625
4.205138832919892,0.7236505942723851,7.3770622311418705,0.717,4.58,1579.453
4.205442463365585,0.7217349280815292,7.398702392047211,0.717,4.575,1586.281
4.205668253240548,0.7241443062373883,7.393335768534673,0.717,4.58,1593.031
4.205858998149641,0.723813273319909,7.406091754723951,0.716,4.58,1599.781
4.206182255856614,0.7222655127714527,7.404545745754033,0.716,4.58,1606.531
4.206368376087941,0.7211799484803558,7.414804087250179,0.714,4.58,1613.359
4.205316206282416,0.712565300667381,7.436035139009495,0.706,4.575,1620.125
4.205422365818553,0.7134225263503021,7.427865619448732,0.706,4.569,1626.937
4.205522377673635,0.7105729010487799,7.4408515898470835,0.706,4.575,1633.75
4.204393111940415,0.7020375143142673,7.45100923875039,0.698,4.569,1640.594
4.204511154337871,0.7021042405109092,7.459764078764866,0.698,4.569,1647.422
4.204625808175422,0.7006260958227001,7.458362196896319,0.697,4.564,1654.234
4.204706713015832,0.7031579195170148,7.470585260640787,0.697,4.569,1661.062
4.204812843154956,0.7032477918583988,7.478716798390844,0.697,4.569,1667.875
4.205175046577807,0.700714017863258,7.4862791825550685,0.695,4.569,1674.75
4.205350551676162,0.7017880966622754,7.4947833579264085,0.695,4.569,1681.515
4.205712945365802,0.7001192189888312,7.50850869992567,0.694,4.569,1688.344
4.205830327378964,0.7005240955807587,7.509740632839832,0.694,4.569,1695.187
4.206257215437249,0.7004205718656504,7.518520570822455,0.694,4.569,1701.984
4.2065465516729335,0.6993039265428116,7.53124705355984,0.694,4.569,1708.765
4.205488028467668,0.689481166099468,7.543128922053051,0.685,4.564,1715.547
4.2055576504576075,0.6911749907270012,7.566004446618924,0.685,4.558,1722.375
4.204213070520099,0.6816594837127242,7.570828464339407,0.676,4.553,1729.234
4.204221586669208,0.6820180414062401,7.574188729969148,0.676,4.553,1736.109
4.2043967108281635,0.6823903815467924,7.582504024002373,0.676,4.553,1742.937
4.203030939588639,0.6740421644780261,7.584207186601309,0.668,4.553,1749.781
4.204673035592099,0.6818764422243465,7.604945326034679,0.675,4.558,1756.656
4.204978576166171,0.680039294992453,7.629708246874518,0.675,4.558,1763.531
4.203636833592757,0.6719565228148559,7.617526234417321,0.667,4.553,1770.297
4.203746277324752,0.6719585717012404,7.6234568722282186,0.667,4.553,1777.125
4.203931367166106,0.6696303210624706,7.64051681873872,0.665,4.553,1783.937
4.204239151289982,0.6723630657109599,7.652610042360944,0.665,4.553,1790.703
4.204376043666004,0.6707066917367752,7.66616368670619,0.665,4.553,1797.453
4.2046941677602625,0.6700707727872622,7.663090880740681,0.665,4.553,1804.265
4.204871464454028,0.6699863055080997,7.659562051037662,0.664,4.553,1811.031
4.205047342055994,0.67116273737362,7.6796340371225975,0.664,4.553,1817.781
4.205355772931323,0.6677692457955566,7.693838935049583,0.663,4.553,1824.609
4.205819958076256,0.667995612848274,7.711840293066337,0.663,4.553,1831.422
4.205847460612207,0.6685313221013691,7.701196899301443,0.661,4.548,1838.203
4.206463354310729,0.6671554196876788,7.705870484745235,0.661,4.553,1844.953
4.206486974379209,0.6668873562740385,7.706746171710254,0.661,4.553,1851.781
4.2069304272289,0.6652710887842975,7.713048854531812,0.66,4.553,1858.594
4.207365412019688,0.6651506318897445,7.735722885467328,0.66,4.553,1865.359
4.207558098971546,0.6641849133054732,7.746047797458084,0.659,4.553,1872.125
4.207779652806687,0.6657714158023618,7.746054739685271,0.659,4.548,1878.937
4.208391641777228,0.6634104746831199,7.7472210691547865,0.657,4.553,1885.75
4.207063299509563,0.6544448729316359,7.751130293118787,0.648,4.542,1892.547
4.205501240629086,0.6457094206382181,7.758353739755304,0.641,4.537,1899.328
4.204185145832545,0.638058622817611,7.770164378279949,0.632,4.537,1906.109
4.2055665345303,0.6436156387712084,7.7819143019617,0.641,4.537,1912.937
4.204414692406422,0.6379918716805617,7.785735583258658,0.632,4.537,1919.75
4.206053734647864,0.6447414874809774,7.786057319288044,0.64,4.537,1926.531
4.204867683762808,0.6379345178270837,7.79192696875747,0.632,4.531,1933.406
4.203455217801865,0.627433349476602,7.795892142979828,0.623,4.531,1940.219
4.205048885968219,0.6365112398426224,7.81472593051764,0.63,4.537,1947.0
4.203747819090892,0.6258452378476606,7.807883904462883,0.622,4.531,1953.844
4.2039650793736625,0.6279464338398334,7.822743760394183,0.622,4.526,1960.687
4.204128800561529,0.6282772287746851,7.833611411932565,0.622,4.531,1967.515
4.204176439419818,0.6267376059261103,7.8297978564036255,0.622,4.531,1974.344
4.204474289239755,0.6273742130060921,7.830000700470663,0.621,4.531,1981.109
4.204719014619926,0.6261186725489535,7.83937898503935,0.621,4.526,1987.875
4.205017331864281,0.6252800237703181,7.862500851792409,0.621,4.531,1994.703
4.2052506724266605,0.6251435845878577,7.862777903842726,0.619,4.531,2001.531
4.205396954407789,0.6236240623884611,7.8809268111305455,0.619,4.531,2008.281
4.205732504872779,0.6233655363632087,7.888083332900031,0.619,4.531,2015.047
4.204551410893662,0.61472989112258,7.894266537390094,0.61,4.526,2021.844
4.204746599403017,0.6141208693226232,7.88822523032976,0.61,4.526,2028.64
4.204868586511221,0.6149143561275765,7.897229970907652,0.608,4.526,2035.453
4.205172889547513,0.6154856246509531,7.9026593535725365,0.608,4.526,2042.265
4.2052164540779815,0.6109397407343427,7.902061502461285,0.608,4.521,2049.031
4.205524411857774,0.613315658069905,7.9133432646245385,0.607,4.526,2055.875
4.2044059304246515,0.6040508010827994,7.909027053563656,0.599,4.515,2062.703
4.2031218151012535,0.595576202068179,7.921478463944722,0.591,4.51,2069.515
4.204504197309412,0.6050496569063037,7.918235546476174,0.599,4.515,2076.359
4.203405042858666,0.5958488939535383,7.930222672757114,0.589,4.515,2083.25
4.203453568835007,0.5955221236587744,7.93088806394758,0.589,4.515,2090.094
4.203532127416295,0.5947730174513363,7.938660314693858,0.589,4.51,2096.859
4.203679039140005,0.5934433392744398,7.9390263732788515,0.589,4.51,2103.734
4.204031407976445,0.5954027379037896,7.944873034911451,0.589,4.51,2110.515
4.20418525854794,0.5946361673402207,7.942098028206142,0.589,4.515,2117.375
4.20449184313001,0.5946631562149544,7.95206041312206,0.588,4.515,2124.172
4.204757697405215,0.594084078161997,7.967621802533656,0.588,4.515,2131.031
4.203581851504516,0.5848566339049377,7.963139721235126,0.579,4.51,2137.859
4.20515450490308,0.5905381616960989,7.9653836882721105,0.587,4.51,2144.719
4.205461971277206,0.590096808222247,7.975209344836067,0.587,4.51,2151.578
4.204137427482775,0.5836935587581278,7.980875028418902,0.577,4.51,2158.625
4.205908445456585,0.5907295882079288,7.991817787197238,0.585,4.51,2165.5
4.204682176581228,0.581581367551947,7.992988965320559,0.577,4.51,2172.344
4.203283488486762,0.5731849758993968,7.9957613413571895,0.568,4.499,2179.234
4.203485665584459,0.57547246214375,8.003100819960704,0.568,4.499,2186.062
4.203831011688601,0.5716826067128601,7.998236352411636,0.568,4.499,2192.937
4.203917238873006,0.5709740960988645,8.00713097347793,0.566,4.499,2199.812
4.204056479849397,0.5731068557013771,8.007204996166314,0.566,4.499,2206.687
4.204287583691651,0.5702108370775238,8.017607757352902,0.566,4.499,2213.562
4.204545829667115,0.5703484584735558,8.026684772700806,0.566,4.499,2220.422
4.204584012991266,0.5723363283699121,8.0225973303591,0.565,4.499,2227.25
4.203464580943545,0.5636260082606853,8.023387594065019,0.557,4.494,2234.14
4.203627586163987,0.561362162210316,8.039303825684097,0.557,4.494,2241.015
4.203736391825056,0.5622321440881599,8.04096590750862,0.557,4.494,2247.859
4.203914367013831,0.5614543495743527,8.051200946006801,0.555,4.494,2254.734
4.204201359827546,0.560383776756555,8.05555979689448,0.555,4.494,2261.578
4.204297959515116,0.5588298305867728,8.060312533676184,0.555,4.494,2268.422
4.204594299929935,0.5592973770892954,8.074989897072406,0.555,4.494,2275.281
4.203559934861465,0.5509245501813674,8.064462255638395,0.546,4.488,2282.062
4.203564055105787,0.549777806108059,8.049647231251017,0.546,4.488,2288.906
4.2037648539388695,0.5499698989689711,7.990417299175358,0.546,4.488,2295.75
4.203957102264308,0.5510059850089644,7.8993018491500555,0.545,4.488,2302.515
4.204141557862407,0.5510728462266613,7.798712282362114,0.545,4.488,2309.312
4.204587696894188,0.5496084047164974,7.7047883803290365,0.545,4.488,2316.156
4.203456982506126,0.5397132866517383,7.647229994645298,0.535,4.483,2323.047
4.203682171683617,0.5404706163234299,7.5464304038484045,0.535,4.483,2329.937
4.205432024872984,0.54769706927544,7.4430042724142815,0.542,4.488,2336.703
4.204265592513028,0.5404295695240994,7.353458153195611,0.534,4.483,2343.594
4.2046230407140275,0.5367188602442475,7.248542042607807,0.534,4.483,2350.453
4.203476757894624,0.5290761744742317,7.227670502754135,0.524,4.483,2357.328
4.203715629370409,0.5283095518295293,7.141916398676089,0.524,4.477,2364.172
4.203926434446578,0.5289008268261242,7.0077168969307735,0.523,4.477,2371.0
4.204503693315677,0.5272492711102443,6.980328107372769,0.523,4.477,2377.828
4.204871408879751,0.5283754969803133,6.896782252507045,0.521,4.477,2384.594
4.203830204485356,0.5185397014046675,6.789969225301231,0.513,4.472,2391.39
4.204038601185067,0.5175317334251651,6.661607174774386,0.513,4.472,2398.234
4.204241741648899,0.515933159849264,6.618154163855374,0.512,4.472,2405.062
4.2048605542042505,0.5179640355361909,6.569243111457835,0.511,4.472,2411.844
4.2037115160331275,0.5065959729486224,6.500870762377962,0.502,4.467,2418.703
4.20402174311366,0.5055044727672363,6.4244502179644565,0.502,4.467,2425.531
4.2044468558496435,0.5062084180063732,6.320402845384251,0.501,4.467,2432.297
4.204584293109897,0.5043291083750111,6.306576399896318,0.5,4.467,2439.047
4.205296287637037,0.5039154909145379,6.230394829319238,0.5,4.467,2445.89
4.20562349750006,0.503781847918264,6.180173389672111,0.498,4.467,2452.703
4.204491787626125,0.4943264999012497,6.102466527071094,0.49,4.461,2459.562
4.204853793785757,0.493981732133365,6.041269634069038,0.49,4.461,2466.375
4.2035241927720834,0.48574527347695323,5.951511637833511,0.481,4.456,2473.156
4.203712875228788,0.4832148863410003,5.912770946319906,0.479,4.456,2479.906
4.20406733431724,0.48694017009563617,5.879377812224294,0.479,4.456,2486.734
4.204550085236059,0.4834652611457399,5.839759765848917,0.478,4.456,2493.562
4.204937464418792,0.4811940896000098,5.846754770385395,0.478,4.456,2500.328
4.2051553003957896,0.480134075722944,5.909412646158589,0.477,4.456,2507.094
4.205666367961763,0.4794807040908823,5.9333889075064254,0.477,4.456,2513.937
4.2044565807825665,0.47248894965003174,5.9699078077608885,0.467,4.45,2520.781
4.204557915204285,0.4682283341299315,5.972945467214075,0.467,4.45,2527.547
4.203419450377442,0.46411130559941416,6.018310632839939,0.459,4.445,2534.328
4.203550895484167,0.461961797380118,6.026395770029184,0.459,4.445,2541.156
4.203798302438264,0.46098206513077694,6.01409555467349,0.458,4.445,2547.984
4.2038220520337655,0.4598818687696412,6.037154096024636,0.458,4.445,2554.734
4.204162045060313,0.4586940264328948,6.054027174755304,0.458,4.445,2561.5
4.20437891303842,0.4600986769196272,6.0490442041913965,0.456,4.445,2568.265
4.204595229970156,0.46144035871654066,6.031571849759151,0.456,4.445,2575.078
4.203501151707635,0.45178419682912047,6.057475966626133,0.448,4.44,2581.937
4.203635868148651,0.4522551119246698,6.067714480591985,0.448,4.44,2588.703
4.203774952780665,0.45241387821196,6.091626505326176,0.447,4.44,2595.453
4.203877562844622,0.45239334620084154,6.071697062166923,0.447,4.44,2602.281
4.204074063932116,0.4502656124674101,6.0751428501978,0.447,4.44,2609.109
4.204424673389311,0.4502022097144812,6.07178596665253,0.447,4.44,2615.89
4.204640258632833,0.4500025086639571,6.073436345808888,0.445,4.44,2622.656
4.204859927241204,0.4506491580183922,6.061206355314336,0.445,4.44,2629.484
4.205149410221397,0.4457457283299842,6.081222457986931,0.444,4.44,2636.328
4.2052375003223705,0.4490540523256658,6.078259693390834,0.444,4.44,2643.125
4.2054539153683566,0.44737075876711285,6.08227654942081,0.444,4.44,2649.89
4.205729707309053,0.4483232034080761,6.081650927905611,0.443,4.44,2656.719
4.204518134957435,0.43918429705682605,6.077918538267595,0.435,4.434,2663.578
4.204592619518525,0.439030381498261,6.072066570225176,0.435,4.434,2670.344
4.203146573236527,0.4332784720300884,6.088296078930446,0.426,4.429,2677.125
4.203157040930604,0.43143247023961273,6.087312795281478,0.426,4.429,2683.953
4.203489755524912,0.4301608380699982,6.088367214665671,0.426,4.429,2690.781
4.203425407493628,0.43197964129740923,6.112096371317868,0.426,4.429,2697.547
4.203395066331821,0.43016053789085273,6.118237189573384,0.425,4.429,2704.297
4.203664689223329,0.42907929323492955,6.120313589736579,0.425,4.429,2711.047
4.203778121744227,0.43073146231325865,6.125649363714425,0.425,4.429,2717.875
4.204047543652069,0.42937659630154873,6.1226299606224055,0.425,4.429,2724.703
4.204111567496942,0.4289524732025527,6.113260184957305,0.424,4.429,2731.547
4.204519832067439,0.42703919474036556,6.12959168639377,0.424,4.429,2738.297
4.204548521914708,0.42717753999784075,6.150279371586117,0.424,4.429,2745.047
4.204834882878703,0.42701078350422084,6.1637063534774255,0.424,4.429,2751.875
4.204958939984137,0.4270197537371914,6.164922871206931,0.422,4.429,2758.703
4.20524156162598,0.42467662617606877,6.167306583419273,0.422,4.429,2765.469
4.2053681150381745,0.4257691872896242,6.154782994656413,0.422,4.429,2772.219
4.205806909298964,0.4246683313449383,6.178143664285873,0.421,4.429,2779.047
4.2043792381237175,0.4163400100345974,6.184867938797134,0.413,4.423,2785.89
4.204497964175528,0.41719210394647654,6.186933526052113,0.413,4.423,2792.64
4.204580766405967,0.41623426307789124,6.190366355591093,0.413,4.423,2799.406
4.203132830527376,0.4080884741683667,6.201611605014929,0.405,4.418,2806.281
4.2032187194780954,0.4098126204973405,6.200999232436512,0.405,4.418,2813.109
4.203337281799502,0.40898297614083773,6.218891240277036,0.405,4.418,2819.859
4.203436623033544,0.4082825978190119,6.219654080873527,0.405,4.418,2826.64
4.203431415712284,0.40884389052056264,6.216555349891054,0.405,4.418,2833.469
4.203672128816439,0.40621533330084053,6.234320762036031,0.403,4.418,2840.297
4.203800416930329,0.40477261554478805,6.250839496519565,0.403,4.418,2847.109
4.204029149957589,0.4048062624237417,6.265512677876924,0.403,4.418,2853.875
4.204132995265438,0.40646872947795004,6.264707975579232,0.403,4.418,2860.625
4.204183792842729,0.40603854404201367,6.276088313659525,0.402,4.418,2867.469
4.204349954810997,0.4067511513425722,6.286223673712796,0.402,4.418,2874.281
4.204472159387287,0.4072787449806728,6.2912162205844,0.402,4.418,2881.125
4.204908946016267,0.40423382419939113,6.290258317982745,0.402,4.418,2887.953
4.204969171234454,0.401959582612369,6.302891748571041,0.401,4.418,2894.781
4.205161733611666,0.4048296141673884,6.306253224409475,0.401,4.418,2901.547
4.205315603315039,0.4038514761659268,6.318615012466438,0.401,4.418,2908.312
4.205563924840953,0.40300023168723137,6.328040307801392,0.399,4.418,2915.14
4.204025673237545,0.3943549917103039,6.3522243049798295,0.391,4.413,2922.0
4.204139516494296,0.3953961331589477,6.359680907336859,0.391,4.413,2928.765
4.204222569756893,0.39513785877523244,6.358487598727731,0.391,4.413,2935.515
4.204242391871669,0.39485686116419505,6.370938483458725,0.391,4.413,2942.359
4.204436270848246,0.39317595651871573,6.394269758527861,0.39,4.413,2949.172
4.204612603507637,0.39442158137873845,6.394078843684122,0.39,4.413,2955.953
4.204762149235395,0.3930669620251195,6.406174790926194,0.39,4.413,2962.703
4.2049142657071,0.39282924431233274,6.4025497194076415,0.39,4.413,2969.531
4.205030917326144,0.3938732250475731,6.415503975316555,0.39,4.413,2976.375
4.205091542546039,0.39179078961709596,6.430201469031057,0.388,4.413,2983.125
4.20540562415733,0.3905330418777732,6.4416018919578155,0.388,4.413,2989.89
4.205699337818633,0.391152632120105,6.448355816450152,0.388,4.413,2996.703
4.204114177684601,0.3842843200369153,6.457405163420075,0.38,4.407,3003.562
4.204198921688417,0.3841530591285508,6.470138486529822,0.38,4.407,3010.312
4.204318075757438,0.38468347775734585,6.480460638701136,0.38,4.407,3017.062
4.204483019549094,0.38331914412655876,6.488979300180757,0.38,4.407,3023.89
4.204716291926203,0.38250128641588294,6.500181860719206,0.379,4.407,3030.703
4.204538052466076,0.38254066775247814,6.497286850709193,0.379,4.407,3037.484
4.204781789214357,0.3813575282023593,6.49072718854569,0.379,4.407,3044.234
4.204972235390475,0.38248900627531685,6.502759073898699,0.379,4.407,3051.062
4.205021164917753,0.385356743602869,6.52209449363439,0.379,4.407,3057.875
4.2054063835583575,0.3831726242400687,6.522945752009353,0.379,4.407,3064.64
4.205237704714801,0.3809431588517278,6.5403216928621095,0.377,4.407,3071.39
4.205432328882913,0.3823494472244127,6.545706652798738,0.377,4.407,3078.219
4.205774964506766,0.37975022957540194,6.549472177488038,0.377,4.407,3085.031
4.2044944742932175,0.3743297375953753,6.550003333002375,0.369,4.402,3091.812
4.204394830081297,0.3704343930692438,6.572227295833804,0.369,4.402,3098.562
4.204492142296347,0.3725161174831948,6.583717645640173,0.369,4.402,3105.39
4.204558142848937,0.3720789071064927,6.581753368481155,0.368,4.402,3112.219
4.204489299756761,0.36876372212625536,6.592202137767046,0.368,4.402,3118.969
4.204717281328585,0.3711767521005939,6.620332273323787,0.368,4.402,3125.734
4.204821849967334,0.3724874759846273,6.622393039623641,0.368,4.402,3132.547
4.204911515554416,0.3723202556422307,6.629576314355125,0.368,4.402,3139.375
4.205104959861167,0.37062163149366767,6.639377027234139,0.368,4.402,3146.125
4.205216108884077,0.37037800076892874,6.645815072075404,0.367,4.402,3152.875
4.205450367743359,0.3690120906881822,6.659018044249339,0.367,4.402,3159.625
4.205539829007523,0.37182486389409136,6.670523939740302,0.367,4.402,3166.453
4.205795751223448,0.36902451729875907,6.679448648173921,0.367,4.402,3173.265
4.204471661164762,0.3623198652592872,6.679839713637608,0.358,4.396,3180.047
4.204440073011507,0.36276948550163757,6.685805215718245,0.358,4.396,3186.797
4.204454018173177,0.362369868369725,6.693305847298135,0.358,4.396,3193.625
4.204514410912308,0.3615203180383475,6.712266887696635,0.357,4.396,3200.453
4.2046860427817645,0.3604680375044015,6.729566753162,0.357,4.396,3207.203
4.20481827940953,0.3592604904385059,6.727779820984443,0.357,4.396,3213.969
4.204762592719826,0.36082509008243185,6.730866474078942,0.357,4.396,3220.797
4.205088676288013,0.36078261206092854,6.741940444211971,0.357,4.396,3227.609
4.205118162551303,0.3604617478246038,6.752576319171046,0.357,4.396,3234.375
4.205270836223585,0.3611985111533951,6.761832470936824,0.357,4.396,3241.125
4.205327980780819,0.35862838964969296,6.761159176508381,0.356,4.396,3247.875
4.205493800142191,0.35944461259994603,6.778545638520215,0.356,4.396,3254.703
4.205643677548963,0.3586575020701047,6.776987475717293,0.356,4.396,3261.515
4.204421387949856,0.35177561836144294,6.785958462368031,0.348,4.391,3268.297
4.204278535972401,0.3512976711115351,6.790392836863227,0.348,4.391,3275.047
4.2043524417644615,0.3503150736460893,6.8122763604745336,0.348,4.391,3281.859
4.204470439078635,0.350716226114314,6.811658381732861,0.348,4.391,3288.703
4.204559633261325,0.3517166023981842,6.821459826676186,0.348,4.391,3295.453
4.204795366228364,0.35177938672251713,6.824029433451664,0.346,4.391,3302.203
4.204935285068333,0.35061023302919986,6.835047589215121,0.346,4.391,3309.031
4.205026734574657,0.3501244052041628,6.835998402393306,0.346,4.391,3315.844
4.2051261860994495,0.3507386421556217,6.845834941124692,0.346,4.391,3322.609
4.205117098513307,0.34742691870243075,6.850381761373473,0.346,4.391,3329.359
4.2051933437040185,0.35110074494800436,6.869254208887165,0.345,4.391,3336.109
4.205579556090872,0.34895593215044507,6.871132303421267,0.345,4.391,3342.937
4.2039589645004725,0.3404953273047192,6.879690845985878,0.337,4.386,3349.781
4.2040189769554575,0.3406852996226943,6.889485178241391,0.337,4.386,3356.547
4.204081175465642,0.3414997094961173,6.898963218448934,0.337,4.386,3363.297
4.204219306322089,0.3397466758462133,6.904949950353833,0.337,4.386,3370.125
4.2043858531996925,0.34067555370298047,6.912043671287126,0.337,4.386,3376.953
4.204349435082025,0.33905711895245677,6.9232851339588315,0.337,4.386,3383.719
4.204440738102509,0.33886258208275954,6.9284071068423785,0.337,4.386,3390.469
4.204604467391724,0.3403583473511748,6.934976405495855,0.337,4.386,3397.297
4.2046438089063045,0.3400054242018105,6.934844729224026,0.335,4.386,3404.109
4.204760653356216,0.3371380642949282,6.938611303777302,0.335,4.386,3410.875
4.204875520671576,0.3400413992612582,6.950051210572071,0.335,4.386,3417.625
4.205043030574412,0.33854329554364976,6.948930229595558,0.335,4.386,3424.453
4.205106708576822,0.3390123660985019,6.950038961344427,0.335,4.386,3431.281
4.2053602709953095,0.3376250312243327,6.965349348104899,0.335,4.386,3438.062
4.205510609905678,0.3377764767806129,6.9751411953786,0.334,4.386,3444.875
4.205636736819708,0.3365571590549691,6.974078736049744,0.334,4.386,3451.719
4.204072083732297,0.32791575244408344,6.986764756947247,0.326,4.38,3458.578
4.204147433416616,0.3297887986613483,6.994500514232792,0.326,4.38,3465.39
4.204380179428051,0.32890154000478106,6.995616389635139,0.326,4.38,3472.14
4.204415108050445,0.32828583907420317,7.011541196328279,0.326,4.38,3478.89
4.20463963050604,0.3291318359898839,7.016947912598093,0.326,4.38,3485.719
4.204490581956102,0.32743585440198364,7.026273094661107,0.324,4.38,3492.531
4.204590528263462,0.32857843740159215,7.032021898540211,0.326,4.38,3499.312
4.204681884450955,0.3278802703574743,7.033187934987263,0.324,4.38,3506.187
4.204818768192745,0.32899230536664975,7.035436167351354,0.324,4.38,3512.937
4.204962730639176,0.3309621063330151,7.042527193740622,0.324,4.38,3519.765
4.205045725562998,0.3264902175556148,7.051210229499757,0.324,4.38,3526.594
4.205438302736175,0.32817733696505536,7.065969465508151,0.324,4.38,3533.344
4.205203191504403,0.32714511268372193,7.0610314251253765,0.323,4.38,3540.094
4.205366165003939,0.32768514279588695,7.069137477750971,0.323,4.38,3546.922
4.205505428355665,0.32713417293262503,7.07241848449913,0.323,4.38,3553.75
4.205585081998065,0.32619185004094975,7.081661678801235,0.323,4.38,3560.5
4.204424028388905,0.31956799827081106,7.079100345074501,0.315,4.375,3567.25
4.204331185026565,0.31788164161778554,7.091718134001216,0.315,4.375,3574.0
4.204311326666815,0.31665062779672537,7.091620323490885,0.315,4.375,3580.828
4.204315113204068,0.31767858162093005,7.103644020328972,0.315,4.375,3587.656
4.204556869878726,0.3190407673725755,7.120325768740161,0.315,4.375,3594.406
4.20466064168228,0.3184327030298236,7.131107132731982,0.315,4.375,3601.156
4.204564719224734,0.31533540522467485,7.1356213517472495,0.314,4.375,3608.047
4.204734655077471,0.31762755557307554,7.137671029555901,0.314,4.375,3614.859
4.205137161499569,0.31941753785929194,7.136766053002122,0.314,4.375,3621.609
4.205116932877271,0.3187701107247642,7.142276923510053,0.314,4.375,3628.375
4.204979666314649,0.3146208449373049,7.158572314095843,0.314,4.375,3635.203
4.205243954280752,0.31487690909129595,7.161149072397085,0.314,4.375,3642.031
4.205397748066162,0.3177890495419233,7.161241984874476,0.312,4.375,3648.797
4.20539667904221,0.3157315813929801,7.171791441307659,0.312,4.375,3655.547
4.205524797270948,0.31575342240553234,7.17075303908819,0.312,4.375,3662.39
4.205783815129767,0.31430850514597136,7.162783207278729,0.312,4.375,3669.203
4.20413582594026,0.3053181997794528,7.130881045220116,0.304,4.369,3676.0
4.20431541754292,0.3079649749502175,7.0546410772736605,0.304,4.369,3682.75
4.204321694035473,0.30700990595376154,6.973590780463661,0.304,4.369,3689.578
4.204182873517117,0.30530414435083014,6.858558661016169,0.303,4.369,3696.39
4.204597773855187,0.3074828213917924,6.763811478347486,0.303,4.369,3703.172
4.2046862566413,0.30789324047574607,6.682554361196854,0.303,4.369,3709.922
4.2047499243872934,0.3060250685825056,6.619865232947122,0.303,4.369,3716.75
4.204914180168377,0.3061938986248495,6.553726953351956,0.303,4.369,3723.578
4.205032490902435,0.30458758697873484,6.473066720288421,0.301,4.369,3730.344
4.205416238360446,0.30596991319288863,6.404579493585455,0.301,4.369,3737.094
4.205484703092253,0.3041318172705025,6.335279465143999,0.301,4.369,3743.844
4.205687544386567,0.3035106558634678,6.25305067938224,0.301,4.369,3750.672
4.204161086429743,0.29587678561716785,6.173543486996488,0.292,4.364,3757.531
4.204382872553431,0.29307785816549586,6.10948122013431,0.292,4.364,3764.281
4.204545884029884,0.2937254058138866,6.026666587422515,0.292,4.364,3771.031
4.204616820129685,0.29651850331518337,5.988292055306962,0.292,4.364,3777.859
4.20486232701392,0.2939193142101846,5.876902469772525,0.292,4.364,3784.687
4.205160106648345,0.2942408367226229,5.814244480350062,0.29,4.364,3791.453
4.205208849993035,0.29326450241766605,5.713784621689687,0.29,4.364,3798.203
4.205466901018439,0.29323425581330104,5.617260569382367,0.29,4.364,3805.031
4.205693075413105,0.29144755263864686,5.571743675301848,0.289,4.364,3811.859
4.204389385595351,0.2852088146816628,5.475534321278258,0.281,4.359,3818.64
4.204417473294999,0.2845051281149199,5.405871828892031,0.281,4.359,3825.39
4.204706409682549,0.2817037539553162,5.3427483951905534,0.281,4.359,3832.219
4.204777558355461,0.28376463226160514,5.275146031342744,0.28,4.359,3839.047
4.204953469712561,0.28386756463013085,5.2395703732814685,0.28,4.359,3845.797
4.205190033947456,0.2844409410112924,5.2222483412252645,0.28,4.359,3852.578
4.205463967123485,0.2834259190565734,5.122165682005555,0.28,4.359,3859.39
4.205640365798364,0.2836484659952672,5.065853688162423,0.28,4.359,3866.219
4.205892938200709,0.28128167103068796,4.98245947526561,0.278,4.359,3872.984
4.206105034312917,0.28066103529983577,5.016377054228845,0.278,4.359,3879.734
4.206447730821957,0.2818193908221746,5.025996664465442,0.277,4.359,3886.484
4.206582590274008,0.2807182762268664,5.093798721247703,0.277,4.359,3893.328
4.205189200142341,0.2726527617747053,5.1261590532307295,0.269,4.353,3900.172
4.205081955451439,0.27254582280720263,5.141231256527151,0.269,4.353,3906.922
4.205440121430404,0.2743903872016683,5.157975001199424,0.269,4.353,3913.687
4.205419529539015,0.270481019766118,5.182036244018921,0.269,4.353,3920.531
4.2055755883447254,0.2713943146069691,5.216037277671981,0.269,4.353,3927.39
4.204157339181588,0.26128733026329204,5.221819700758117,0.259,4.348,3934.156
4.204214007032857,0.26308860838289794,5.24653183008126,0.259,4.348,3940.984
4.204144638811011,0.2621275611641635,5.251887641012251,0.259,4.348,3947.812
4.204217045375385,0.26003350026515487,5.253698861126508,0.259,4.348,3954.562
4.204138272824963,0.26241426364393766,5.269269730408647,0.259,4.348,3961.328
4.204312251706527,0.26180555987481446,5.287014466268903,0.259,4.348,3968.078
4.204384837554342,0.26089931426737684,5.29448979042884,0.259,4.348,3974.906
4.204626481850616,0.2603096886838095,5.292481043183257,0.259,4.348,3981.734
4.204766690665562,0.26112020348824116,5.28720867571762,0.259,4.348,3988.484
4.204721807298069,0.2622193560121059,5.284397773731616,0.258,4.348,3995.25
4.204895657654857,0.26027749120349253,5.306345132708971,0.258,4.348,4002.0
4.204963160972816,0.26058570172046375,5.3042803669472365,0.258,4.348,4008.828
4.205013077304043,0.2585674295984446,5.318780526947157,0.258,4.348,4015.656
4.205110273121855,0.2617681779918486,5.319369680332854,0.258,4.348,4022.422
4.205414788469336,0.2603864773710557,5.331935552999967,0.257,4.348,4029.172
4.205321310456011,0.2601343849602205,5.334799818359627,0.258,4.348,4035.922
4.205458750261172,0.25945564758935885,5.349546883417886,0.257,4.348,4042.75
4.2055003631723675,0.26131710144895876,5.348796720022216,0.257,4.348,4049.578
4.205685327691351,0.2616316759304743,5.345565377281828,0.257,4.348,4056.344
4.205752807910622,0.25866846277714967,5.3554719125667996,0.257,4.348,4063.109
4.205911359233639,0.25885268916491705,5.3571858522022815,0.257,4.348,4069.937
4.205998944838026,0.2573144352856544,5.367580696927125,0.257,4.348,4076.765
4.2061404221768965,0.2604708006549223,5.373035367292419,0.255,4.348,4083.515
4.2064607305573,0.26024124077115035,5.372501196603014,0.255,4.348,4090.265
4.206247051326973,0.2593714779303132,5.376985070216988,0.255,4.348,4097.094
4.206495060614211,0.255884332307753,5.387755534082133,0.255,4.348,4103.922
4.2066438092013305,0.2591243708837623,5.404167466681129,0.255,4.348,4110.672
4.205153730213583,0.24913569810565764,5.423401911426894,0.247,4.342,4117.484
4.205117788532762,0.2480868745072973,5.413513925059782,0.247,4.342,4124.312
4.205121836433425,0.24916759538039965,5.4278220882095605,0.247,4.342,4131.125
4.205246607896015,0.25104469763356796,5.425791297332153,0.247,4.342,4137.89
4.205273904646797,0.24915722708531238,5.446149775494297,0.247,4.342,4144.703
4.205263444579766,0.2478693026916106,5.465272205496573,0.247,4.342,4151.531
4.205323876804556,0.24721238699436618,5.477523373934103,0.246,4.342,4158.297
4.205553425204933,0.24797778985394106,5.476907986690925,0.246,4.342,4165.109
4.203947237140564,0.2398881338180757,5.480808302905029,0.237,4.337,4171.969
4.203955973964569,0.2404113651826626,5.481139531955526,0.239,4.337,4178.734
4.203890770315809,0.2398471354577093,5.503196589338894,0.237,4.337,4185.562
4.204064719913501,0.24082673095987045,5.515269161660854,0.237,4.337,4192.39
4.204181916743341,0.24258904357349448,5.5195329604646295,0.239,4.337,4199.14
4.203815313814464,0.24105491244819718,5.5320338376999825,0.237,4.337,4205.89
4.203999930465956,0.2407323284263242,5.539001168169442,0.237,4.337,4212.719
4.204189416531363,0.24075378741689304,5.547660598206213,0.237,4.337,4219.547
4.203985059168145,0.24078388361598804,5.5491254274469775,0.237,4.337,4226.297
4.20409826902625,0.24034389056292013,5.571039740738197,0.237,4.337,4233.14
4.204182397272361,0.24150752320342586,5.573438796090795,0.237,4.337,4239.984
4.204272628932896,0.24181005147770573,5.585279999270462,0.237,4.337,4246.75
4.20439623490844,0.23870455301665391,5.581907741438793,0.237,4.337,4253.578
4.204386848483131,0.24129841372374275,5.592184034675194,0.237,4.337,4260.406
4.204453357157536,0.23984994289019707,5.6019060845982,0.237,4.337,4267.156
4.204673491311473,0.2394160006824567,5.623021285661152,0.237,4.337,4273.922
4.204549034630021,0.24009256231460313,5.6318693736705026,0.236,4.337,4280.75
4.204646616108549,0.240043384203116,5.647227269335291,0.236,4.337,4287.594
4.20464066317147,0.24127102823382335,5.651339319346414,0.236,4.337,4294.359
4.204686284541502,0.23962355764969126,5.669122770799642,0.236,4.337,4301.187
4.204881393157348,0.23901314971227006,5.696710157539658,0.236,4.337,4308.015
4.204849972719356,0.24060277493973709,5.694905452057827,0.236,4.337,4314.781
4.205040522287518,0.23807522333911244,5.702051067117775,0.236,4.337,4321.609
4.205120021303893,0.23939530886002355,5.722920266088614,0.236,4.337,4328.437
4.205203844543259,0.23977595829391277,5.743185542072079,0.236,4.337,4335.203
4.2052278958513964,0.2385888975762016,5.746639452451492,0.236,4.337,4341.953
4.205394547490972,0.2385680190937164,5.760244114474661,0.236,4.337,4348.781
4.205407960707634,0.23769432067635973,5.778951397637072,0.235,4.337,4355.625
4.205619367903719,0.23811695114187817,5.785283301155838,0.235,4.337,4362.39
4.205578367317006,0.23836647365909677,5.806244240286714,0.235,4.337,4369.219
4.205634311288048,0.23716681500519882,5.8034374704808105,0.235,4.337,4376.078
4.205752358776646,0.23732365131122463,5.822518006716476,0.235,4.337,4382.844
4.205839858721866,0.23722444388135003,5.834708530052786,0.235,4.337,4389.672
4.206011297651676,0.23649047097809067,5.8447635940744265,0.235,4.337,4396.5
4.205977821037633,0.23712962400993057,5.857042267536357,0.235,4.337,4403.344
4.206055535486678,0.23680845577401352,5.879194438780356,0.233,4.337,4410.172
4.206194403360326,0.23648644747623876,5.899234805984178,0.233,4.337,4416.984
4.206434271924225,0.2383822216997652,5.91207260377645,0.233,4.337,4423.812
4.2062352786267985,0.23454495590167904,5.928181648193624,0.233,4.337,4430.844
4.206430486258921,0.23368375635986602,5.9263611071177555,0.233,4.337,4437.687
4.206673692564073,0.23808666332407882,5.936548651328355,0.233,4.337,4444.562
4.204981403144272,0.22512968721575083,5.953345539568371,0.225,4.332,4451.469
4.204846302725066,0.22841718415698462,5.964501827636343,0.225,4.332,4458.344
4.204884605794572,0.22682563308448428,5.987262553474311,0.225,4.332,4465.172
4.204930304045145,0.22649759006664785,6.006010072050821,0.225,4.332,4472.031
4.205017605253198,0.22556317798472553,6.0067576389959445,0.225,4.332,4478.89
4.2050083556574105,0.22747780636985887,6.023703680574579,0.225,4.332,4485.656
4.205091679318464,0.22902202611532954,6.031520432607724,0.225,4.332,4492.531
4.205422213368612,0.22749646416831526,6.048207971876603,0.225,4.332,4499.344
4.205104258831349,0.22721088685944243,6.066812317673072,0.225,4.332,4506.203
4.205145134143087,0.2266760884621688,6.065634496866318,0.225,4.332,4513.047
4.2052682233656,0.2251039565882709,6.072427254574156,0.225,4.332,4519.844
4.205399641717186,0.22649493037939847,6.085237094615342,0.224,4.332,4526.719
4.205336727660957,0.22651206756321965,6.112121919484094,0.224,4.332,4533.625
4.205497519022579,0.22431183325509613,6.113248888020711,0.224,4.332,4540.406
4.20554554725623,0.23006946203696915,6.1212192770093425,0.224,4.332,4547.25
4.2056022663895165,0.22482999664478176,6.129629273197977,0.224,4.332,4554.109
4.2058506685398465,0.22721840588952416,6.155601045651371,0.224,4.332,4560.953
4.205610226410117,0.22484139296378836,6.165271096556287,0.224,4.332,4567.812
4.205782164793023,0.22505133502126867,6.1671695312789225,0.224,4.332,4574.656
4.205941647946072,0.2274222737375948,6.172749606516206,0.224,4.332,4581.531
4.206025310072707,0.22761183997553372,6.18351461075553,0.224,4.332,4588.359
4.20587405761919,0.22714872508908973,6.184420623747557,0.223,4.332,4595.203
4.206097820507104,0.22288188081411572,6.193919699661047,0.223,4.332,4601.969
4.206314876314486,0.2273397846487333,6.199944687864525,0.223,4.332,4608.812
4.206312050460325,0.22483856919980383,6.204507662081045,0.223,4.332,4615.672
4.206355694129583,0.22501636176460937,6.220845219316746,0.223,4.332,4622.515
4.206337218428197,0.2265141656529199,6.220565159065672,0.223,4.332,4629.344
4.206552487011779,0.22472872181278755,6.244570688129699,0.223,4.332,4636.109
4.204917156576294,0.21572021727784677,6.253596157403163,0.214,4.326,4642.984
4.204817974968235,0.21707863360920307,6.260553670865901,0.214,4.326,4649.828
4.20478669337948,0.21689995965182746,6.261543895347704,0.214,4.326,4656.672
4.204781157109647,0.2153742272888557,6.276352939107096,0.214,4.326,4663.531
4.204833687770003,0.21456419119174536,6.271235219308357,0.214,4.326,4670.375
4.204783689521596,0.21722934854651513,6.285787133602727,0.214,4.326,4677.234
4.205042650826439,0.21875936412524788,6.297686807995729,0.214,4.326,4684.078
4.204995134686754,0.2169441773528711,6.309924045055065,0.214,4.326,4690.89
4.204954839938363,0.21513478027901836,6.316282029112762,0.214,4.326,4697.719
4.204793029377073,0.2152041278262104,6.324399936779919,0.214,4.326,4704.562
4.2049835239831355,0.21689503048474706,6.334546444968228,0.214,4.326,4711.328
4.205151662057935,0.21604217345018947,6.334051760649768,0.213,4.326,4718.172
4.205120668377805,0.21582441526945342,6.339847234397867,0.213,4.326,4724.969
4.205296114927959,0.21487102716162548,6.34810364369352,0.213,4.326,4731.812
4.2052920679713734,0.21482548556566716,6.356310331902443,0.213,4.326,4738.672
4.205457255463204,0.21488791084928072,6.359105728503986,0.213,4.326,4745.5
4.205524296895435,0.21674473518654352,6.365494343837134,0.213,4.326,4752.359
4.205435049572443,0.21651555626476238,6.376786605089082,0.213,4.326,4759.187
4.205481799858764,0.21546380036164553,6.385073247211124,0.213,4.326,4766.031
4.205463690448465,0.21532605075447125,6.397856702916592,0.213,4.326,4772.875
4.205748001752969,0.21754768119845666,6.409645465434712,0.213,4.326,4779.734
4.204182012681458,0.2075553805298459,6.419258531886318,0.205,4.321,4786.625
4.204029122638723,0.20744387218731616,6.422378771101686,0.205,4.321,4793.437
4.2040961271971735,0.20589069043434408,6.432344317751151,0.205,4.321,4800.219
4.203996067624979,0.20640294784510832,6.437905453426177,0.205,4.321,4807.047
4.204151822230028,0.20783379388714127,6.445078765563275,0.205,4.321,4813.875
4.204099827040221,0.20747140794537094,6.4628052594311995,0.205,4.321,4820.64
4.20426333285445,0.2049879843314691,6.474304090030015,0.205,4.321,4827.484
4.2041426415325995,0.2057270614064012,6.490220036541634,0.205,4.321,4834.328
4.204216328880777,0.20601054302491417,6.496699723652965,0.205,4.321,4841.094
4.204306718554479,0.20487715806861712,6.498319131016426,0.205,4.321,4847.859
4.204418685997737,0.20915460133235536,6.503579273889923,0.204,4.321,4854.625
4.204305615285498,0.20654036859845687,6.519816646171117,0.204,4.321,4861.515
4.204287459162704,0.20547751669531597,6.535266793641065,0.204,4.321,4868.375
4.204325433366815,0.20697712366527407,6.542735801782784,0.204,4.321,4875.125
4.204538257184764,0.20857616939499418,6.556121501276269,0.204,4.321,4881.969
4.204566678827673,0.20753769898781743,6.56379519969391,0.204,4.321,4888.828
4.204596409103379,0.20609303210652916,6.58334855108279,0.204,4.321,4895.656
4.204594371189168,0.20629373016659658,6.581829987959752,0.204,4.321,4902.484
4.204786498501388,0.20753623051300318,6.598846517820203,0.204,4.321,4909.25
4.204731947897147,0.20431364100369911,6.612292469715332,0.204,4.321,4916.078
4.204985517621489,0.20475158490621306,6.614120552394796,0.204,4.321,4922.89
4.204832040395541,0.20578820327326125,6.626618235021044,0.204,4.321,4929.64
4.204770246257608,0.20658985756023787,6.627122245240077,0.204,4.321,4936.5
4.205160501341488,0.20532784514255026,6.637102313879226,0.202,4.321,4943.328
4.204934499866853,0.20364685641444166,6.642883770247781,0.202,4.321,4950.375
4.205022473975985,0.20573127954928042,6.653974226177801,0.202,4.321,4957.203
4.205117789215244,0.2045022824816349,6.6626499833676895,0.202,4.321,4964.047
4.205068980393428,0.20629609151623535,6.673423624274952,0.202,4.321,4970.797
4.205433842313958,0.20441952534518543,6.675330588526182,0.202,4.321,4977.625
4.205441716534822,0.20567064631628368,6.684778246909115,0.202,4.321,4984.484
4.20556303865006,0.20428953102278538,6.695280092301885,0.202,4.321,4991.297
4.2053997412401305,0.20596605182014344,6.7070129230191045,0.202,4.321,4998.125
4.205452677449124,0.20406741518860846,6.715584912384322,0.202,4.321,5004.89
4.205685218536122,0.20492134931061548,6.721223272776239,0.202,4.321,5011.719
4.2057542695458725,0.20360255402716868,6.732547021541809,0.201,4.321,5018.547
4.205710425899623,0.2031524759808212,6.743952558096595,0.201,4.321,5025.312
4.205694413721679,0.20357071997835044,6.758505456348948,0.201,4.321,5032.14
4.20583253146777,0.2013950191256896,6.769253731969742,0.201,4.321,5038.969
4.206167399971591,0.2041586877185669,6.760225056683233,0.201,4.321,5045.734
4.206141231246184,0.20282045391096268,6.759865642784883,0.201,4.321,5052.562
4.20608174472358,0.2041185091902189,6.752938859744402,0.201,4.321,5059.422
4.206191111368935,0.20219433194139727,6.735657358541659,0.201,4.321,5066.265
4.206252620973167,0.20200806632238613,6.651744532423262,0.201,4.321,5073.094
4.206481094428535,0.20312779300604378,6.545043056748887,0.201,4.321,5079.859
4.206486328648567,0.20203275073697138,6.440290954425569,0.199,4.321,5086.687
4.2064581714708185,0.20029160064317392,6.338305971897018,0.199,4.321,5093.531
4.206572442585868,0.20246681406554376,6.256139775872637,0.199,4.321,5100.281
4.205326392111476,0.19283488451592373,6.187162378501857,0.191,4.315,5107.125
4.205314030942613,0.19281510589425815,6.12672960515851,0.191,4.315,5113.953
4.205331030156348,0.1945040651532941,6.068682620369434,0.191,4.315,5120.719
4.205170066525716,0.19269134837247348,6.019527788663135,0.191,4.315,5127.547
4.205464105924981,0.19368858427041505,5.893385753272052,0.191,4.315,5134.375
4.205447504059376,0.1913392855699321,5.807363689847881,0.191,4.315,5141.14
4.20557051829989,0.1934908540441256,5.7386378250497385,0.191,4.315,5148.094
4.204042957461199,0.18392472760911718,5.669662991501951,0.183,4.31,5154.953
4.204320887849813,0.18493278067302366,5.632258320350177,0.183,4.31,5161.797
4.204190601815881,0.18331828357815622,5.559927377245211,0.183,4.31,5168.547
4.204306220101728,0.18335350337409936,5.498629823397615,0.183,4.31,5175.406
4.204447308388281,0.184684079827699,5.413036998062123,0.182,4.31,5182.234
4.204390445639455,0.1857449167701613,5.341731396306816,0.182,4.31,5189.078
4.2046199997181235,0.1837417811461425,5.267189987280418,0.182,4.31,5195.906
4.204717600311625,0.18454538517932026,5.222909086797539,0.182,4.31,5202.672
4.204645953820153,0.1833270426106235,5.191454024488974,0.182,4.31,5209.5
4.204830745695249,0.18418037900188838,5.120013930708775,0.182,4.31,5216.344
4.20511136167316,0.18225848997911878,5.029297000173198,0.182,4.31,5223.094
4.205070288672183,0.1818240990829749,4.970642185635298,0.18,4.31,5230.719
4.205271354817111,0.18550194017093577,4.904774320293784,0.18,4.31,5237.469
4.2054187346014205,0.18226980849406443,4.857563761252919,0.18,4.31,5244.375
4.205455682065903,0.18383187137354412,4.799778038998255,0.18,4.31,5251.187
4.20579909860834,0.18229934240891588,4.735989818525203,0.18,4.31,5257.969
4.20583212343941,0.18206860283534046,4.626471967329492,0.179,4.31,5264.797
4.205999381381706,0.1802262636516179,4.581179687398983,0.179,4.31,5271.64
4.206177082683058,0.181076082072448,4.5546375515960476,0.179,4.31,5278.39
4.20613880966237,0.1825878218681157,4.604368108309706,0.179,4.31,5285.219
4.206288121798437,0.18171956811404621,4.656408562436595,0.178,4.31,5292.047
4.206711460825876,0.18192734144817435,4.699429518496941,0.178,4.31,5298.812
4.205055484607637,0.172113147307876,4.736077078069964,0.17,4.305,5305.672
4.2050651854871886,0.17209779344121137,4.748031970265347,0.17,4.305,5312.5
4.205008122274902,0.1724721302538955,4.778995413292188,0.17,4.305,5319.265
4.205097796461138,0.17101305947171386,4.798418851753514,0.17,4.305,5326.094
4.20511400088164,0.17109625986034294,4.806197030465173,0.17,4.305,5332.906
4.2052041947144705,0.17075985076974284,4.816414575818474,0.17,4.305,5339.672
4.205269860002365,0.17157202633214774,4.833477517794002,0.17,4.305,5346.422
4.205221963482823,0.1763333307194837,4.855843218546223,0.17,4.305,5353.25
4.2053812414318825,0.17184774756707333,4.86510185922007,0.17,4.305,5360.078
4.20534742978357,0.16985714420417167,4.8796973949187405,0.17,4.305,5366.844
4.205637199614527,0.17265289206692805,4.896883988987228,0.17,4.305,5373.687
4.205303894372357,0.1689335637732875,4.892208879111987,0.17,4.305,5380.515
4.205487550092048,0.1694323546338397,4.912091126527859,0.168,4.305,5387.281
4.2057360990407675,0.16992490684821335,4.917041197682742,0.168,4.305,5394.109
4.20565059623394,0.16907195310229303,4.926616027138547,0.168,4.305,5400.969
4.205831443752432,0.1707534566654621,4.923762777245901,0.168,4.305,5407.719
4.2059396117322425,0.16838290322485933,4.94742765490494,0.168,4.305,5414.562
4.205976565959458,0.1700254631047704,4.957189214900908,0.168,4.305,5421.375
4.205864640438698,0.17064871389752215,4.953445636549219,0.168,4.305,5428.14
4.206031355268817,0.16983805220244585,4.972189224187019,0.168,4.305,5434.906
4.20624628123727,0.169978892733491,4.973354330112113,0.168,4.305,5441.719
4.206086013948045,0.16936905034060043,4.97849023590553,0.168,4.305,5448.562
4.20635394754853,0.16925509228282531,4.998441796708087,0.167,4.305,5455.328
4.206366276099358,0.169506218371622,4.998079451221765,0.167,4.305,5462.156
4.206474340238045,0.17058175878574208,5.016136630506296,0.167,4.305,5468.984
4.206578646502107,0.16778118452815652,5.03449282653972,0.167,4.305,5475.765
4.204971797569632,0.16073021827115708,5.04081363959278,0.159,4.299,5482.609
4.204817983602374,0.1618485405765304,5.030747344852418,0.16,4.299,5489.453
4.204827704639112,0.159730407805751,5.031636710232639,0.159,4.299,5496.219
4.204903207027659,0.16151545136703452,5.051430724088051,0.159,4.299,5503.031
4.204830929655858,0.16151956743773868,5.0678602642530075,0.16,4.299,5509.859
4.204912296027352,0.162697136645874,5.087629857818786,0.159,4.299,5516.625
4.204903529582585,0.1604213393960356,5.093803487969808,0.159,4.299,5523.375
4.20488925765551,0.1608618727210929,5.093206378978208,0.159,4.299,5530.203
4.204918263613686,0.161742003532189,5.112857209150723,0.159,4.299,5537.015
4.204892333613465,0.16168151955946855,5.119334537651838,0.159,4.299,5543.781
4.204909560957091,0.16028286206066367,5.130578793290014,0.159,4.299,5550.547
4.205120205445943,0.1610816365158769,5.152279869497081,0.159,4.299,5557.375
4.2050467410137236,0.1593144728349578,5.159658252269142,0.159,4.299,5564.203
4.205091344171486,0.15979944218914813,5.171332952682008,0.159,4.299,5570.953
4.20523603103401,0.15866096081559597,5.197662051325679,0.159,4.299,5577.812
4.20530130639313,0.161321706338787,5.2183785952302815,0.159,4.299,5584.64
4.205301498145175,0.16231653137383492,5.227916407380996,0.159,4.299,5591.406
4.205414246865033,0.16036482477005284,5.246796415178524,0.159,4.299,5598.234
4.2054230606662415,0.16053814123766977,5.2471144836131,0.159,4.299,5605.062
4.205400428254146,0.15934382252935286,5.257272555221818,0.159,4.299,5611.812
4.205409604886205,0.16015875754471987,5.272273432877791,0.159,4.299,5618.578
4.205529222968238,0.16101482119256652,5.285832367228418,0.157,4.299,5625.39
4.205453857092198,0.15992626423089937,5.30369371290661,0.157,4.299,5632.219
4.205597029456756,0.1570237802574597,5.306537651516962,0.157,4.299,5638.969
4.205683921137705,0.16239318397812635,5.318376578822908,0.157,4.299,5645.719
4.205784696521318,0.1603748560372653,5.339035350408176,0.157,4.299,5652.547
4.205677612518437,0.16029841965623615,5.360805363662314,0.157,4.299,5659.375
4.205855172359549,0.1591203066861549,5.36794022704975,0.157,4.299,5666.14
4.205805392109861,0.15726992100005324,5.3806403509585765,0.157,4.299,5672.969
4.205757047216316,0.15832207739174287,5.39586420313135,0.157,4.299,5679.781
4.205908786772597,0.1589908653239481,5.410488265434036,0.157,4.299,5686.562
4.2058451188145005,0.1595679020143051,5.429392981313543,0.157,4.299,5693.39
4.206099379109317,0.16070142756813371,5.425950845061221,0.157,4.299,5700.203
4.205971005331314,0.1589348072076199,5.450716442023549,0.157,4.299,5706.969
4.2060573541959645,0.1584766405662309,5.451933395579859,0.157,4.299,5713.812
4.2059935514395805,0.1603757445450955,5.4671910217665385,0.156,4.299,5720.64
4.206300645505372,0.15843229876433634,5.473175434527096,0.156,4.299,5727.406
4.206147971637577,0.15709065853568016,5.489890367621515,0.156,4.299,5734.234
4.2061484623476435,0.1589229352335221,5.490445154098745,0.156,4.299,5741.047
4.206475353524,0.15768030399693306,5.502046759649889,0.156,4.299,5747.89
4.206391240318355,0.15970488450873124,5.517906373252156,0.156,4.299,5754.719
4.2063427965390625,0.15697336216696448,5.520148101740868,0.156,4.299,5761.531
4.206475742676055,0.158771786570751,5.538878500429625,0.156,4.299,5768.297
4.206438069749744,0.15738170566865167,5.565086033637968,0.156,4.299,5775.047
4.206504437381865,0.15876767417270743,5.5653510641224875,0.156,4.299,5781.875
4.206637687563863,0.15813439554450004,5.5901055438257705,0.156,4.299,5788.703
4.2049888830627244,0.15140612461049427,5.610623238645393,0.148,4.294,5795.5
4.204929343635224,0.15153285860525612,5.621376801693226,0.148,4.294,5802.312
4.2049201452246106,0.15044192927835023,5.630762815203521,0.148,4.294,5809.14
4.204843694482245,0.15028698563589943,5.636821571449303,0.148,4.294,5815.906
4.2047988549903215,0.1494440269541066,5.656557030788405,0.148,4.294,5822.75
4.204894133385614,0.14855562819138451,5.672159705695467,0.148,4.294,5829.578
4.20491360921826,0.14957738223157685,5.680696393109392,0.148,4.294,5836.344
4.204877361653275,0.1508178878713974,5.699205813197947,0.149,4.294,5843.156
4.204955958757468,0.15111588537881485,5.7127552318515855,0.148,4.294,5850.0
4.204828718057673,0.15010369303675467,5.71803986035925,0.148,4.294,5856.75
4.2049713207086645,0.14985947975981606,5.7382814199022585,0.148,4.294,5863.515
4.205068430699151,0.1497789350473699,5.756492828462553,0.148,4.294,5870.344
4.2049415282015445,0.1514663649707273,5.780999495220876,0.148,4.294,5877.172
4.205102732549876,0.14931276770187246,5.786970869134806,0.148,4.294,5883.937
4.205083767473595,0.15041264019211772,5.795598524965017,0.148,4.294,5890.687
4.205048672174883,0.15095207524533646,5.790606285004947,0.148,4.294,5897.5
4.205190406152495,0.15060191610369106,5.78953954909049,0.148,4.294,5904.328
4.20511529089512,0.14858275037765595,5.809473918631745,0.148,4.294,5911.078
4.205074825004554,0.1525706297153801,5.828719690835827,0.148,4.294,5917.844
4.205084749127382,0.14906934668965457,5.838301671275705,0.148,4.294,5924.672
4.205255106083732,0.14994258237017058,5.848714220810256,0.148,4.294,5931.5
4.205161675428916,0.14784787340807226,5.852201908123027,0.148,4.294,5938.25
4.205137437490858,0.1479377522710941,5.868547997302331,0.148,4.294,5945.0
4.205315389682483,0.1503974496324733,5.89686056459138,0.148,4.294,5951.828
4.205549789428243,0.1502509640518788,5.923843963717108,0.148,4.294,5958.672
4.205406245645336,0.14880275242586108,5.931234518374439,0.148,4.294,5965.437
4.205294520114983,0.14967352052313104,5.9416471634976205,0.148,4.294,5972.265
4.205403159078903,0.14974867708271591,5.953512726204623,0.148,4.294,5979.094
4.205443486817501,0.14938809930145053,5.957297352020835,0.148,4.294,5985.859
4.205376869463339,0.14915857784882075,5.975513468282792,0.148,4.294,5992.703
4.2056018547562966,0.14912324668161092,5.977407710292742,0.148,4.294,5999.531
4.205665871152072,0.14782109458339102,5.978682973530216,0.146,4.294,6006.281
4.205620444281526,0.15078978248039326,5.9853705067871275,0.146,4.294,6013.031
4.205383490954547,0.14943018553499912,6.000887393631697,0.146,4.294,6019.875
4.20571748290832,0.14977055188200916,6.0196493934281925,0.146,4.294,6026.703
4.205716209207534,0.1498085714937227,6.030243394681751,0.146,4.294,6033.469
4.205590713415976,0.14823361481133043,6.036450985985688,0.146,4.294,6040.297
4.205794481560289,0.146708807349947,6.055337601360146,0.146,4.294,6047.109
4.205867205278773,0.1498392375170855,6.06446187638466,0.146,4.294,6053.875
4.205929699173511,0.14766437187229808,6.068812211781801,0.146,4.294,6060.625
4.20584533831347,0.14714797043940736,6.0924340957620995,0.146,4.294,6067.453
4.2058688053182065,0.14789508217488986,6.09905019515965,0.146,4.294,6074.281
4.2059203513413275,0.1467772955026437,6.10504405118943,0.146,4.294,6081.031
4.2061219616631265,0.14819095629550974,6.116844396273111,0.146,4.294,6087.797
4.206066067187966,0.14747886340852157,6.1153888112127275,0.146,4.294,6094.625
4.206053626902181,0.14732428608596693,6.1245726263388285,0.146,4.294,6101.469
4.205937431593688,0.14783306295588414,6.137748735911625,0.146,4.294,6108.219
4.206374174603163,0.1480222178159465,6.156404117690989,0.145,4.294,6115.062
4.206292258043375,0.147006564899145,6.166841918587109,0.145,4.294,6121.89
4.2061623417818605,0.1478914179307169,6.170884801543362,0.145,4.294,6128.656
4.206378040009736,0.14572867686022806,6.181238567517299,0.145,4.294,6135.469
4.206228405246304,0.14746399424185017,6.190383062148705,0.145,4.294,6142.297
4.206352821680516,0.14676279621657382,6.200027836434648,0.145,4.294,6149.062
4.2064660326204715,0.14767931213483587,6.211457300351471,0.145,4.294,6155.906
4.20658020555951,0.1486499787500299,6.212958908228984,0.145,4.294,6162.734
4.205091250257242,0.13989023195422975,6.232666012324859,0.137,4.288,6169.531
4.2048967826629005,0.13998861132254647,6.244370811311038,0.137,4.288,6176.359
4.204893330189697,0.1390522770786666,6.24698991063895,0.137,4.288,6183.172
4.204941047306321,0.13981697134888835,6.262411247891447,0.138,4.288,6189.937
4.204866392485563,0.13967892951939456,6.272632941638941,0.137,4.288,6196.687
4.20475757674792,0.1393207017146841,6.294292465601697,0.138,4.288,6203.515
4.2047861875041095,0.13955395269697385,6.304829890142235,0.137,4.288,6210.344
4.204973798822502,0.13991738885318278,6.313845185970191,0.137,4.288,6217.109
4.204971537723957,0.1407867755090249,6.33413719312006,0.137,4.288,6223.922
4.204797339635337,0.13771307943864766,6.35104377594485,0.137,4.288,6230.75
4.204923692736026,0.14093161733763232,6.362142879455361,0.138,4.288,6237.515
4.20479801013028,0.13981035213832843,6.3670520422959545,0.138,4.288,6244.265
4.204937242831444,0.14012637056574784,6.361672747080622,0.137,4.288,6251.094
4.204811154913775,0.13885732416508131,6.369980741384943,0.137,4.288,6257.922
4.204899260683781,0.13975356911903283,6.368129753432887,0.137,4.288,6264.672
4.204919638604139,0.13952556287342754,6.379106202273116,0.137,4.288,6271.437
4.205109848459264,0.13768430448979246,6.387059290678486,0.137,4.288,6278.265
4.205115586687696,0.1396485303215383,6.392902336765506,0.137,4.288,6285.094
4.205043015357287,0.13901478784488228,6.400808332534398,0.137,4.288,6291.844
4.20515537289987,0.1404047294759732,6.409740807200618,0.137,4.288,6298.609
4.205131117411317,0.13908169854553992,6.42366327488168,0.137,4.288,6305.453
4.205076232354065,0.1394059454994014,6.434880426550025,0.137,4.288,6312.281
4.204986271884766,0.13915845428340617,6.442215400676983,0.137,4.288,6319.14
4.205164017341342,0.13801820499931303,6.452452156945897,0.137,4.288,6325.969
4.2052386380731654,0.1380380471602221,6.451009792497836,0.137,4.288,6332.734
4.205234149991543,0.13958155874906314,6.4636563005392045,0.137,4.288,6339.625
4.205125639114096,0.13724874568429823,6.48133569012161,0.137,4.288,6346.453
4.205452970448303,0.13877698035908123,6.4968613176456875,0.137,4.288,6353.281
4.205329354426519,0.1402134923574348,6.4932870978083335,0.137,4.288,6360.109
4.205259031639822,0.13956294939960945,6.512238930133016,0.137,4.288,6366.875
4.20552296280807,0.13619251352113432,6.5202667416531055,0.137,4.288,6373.625
4.205435787497273,0.13763239330739782,6.532585202395749,0.137,4.288,6380.453
4.20563881629228,0.13780166743997715,6.538760956439841,0.136,4.288,6387.265
4.205515158670039,0.13850653770320076,6.545062444101836,0.136,4.288,6394.031
4.205477279059342,0.1372991914590045,6.546718106936063,0.136,4.288,6400.781
4.205597087648546,0.13763862833574178,6.561482581808352,0.136,4.288,6407.609
4.205779427953444,0.1396389700585312,6.558225254227717,0.136,4.288,6414.437
4.205831598646873,0.13886106126245545,6.567315469150118,0.136,4.288,6421.187
4.205865256472364,0.13811477732873018,6.575387950268711,0.136,4.288,6427.953
4.205744235629043,0.13788402141581274,6.591221582054647,0.136,4.288,6434.781
4.20590828962618,0.13820191295693343,6.60424765729705,0.136,4.288,6441.609
4.205868574012314,0.13699366389162426,6.613697394010674,0.136,4.288,6448.375
4.205873823983429,0.13484540516797971,6.614114346672302,0.136,4.288,6455.187
4.205789780664117,0.13705235471947172,6.6196026307314195,0.136,4.288,6462.015
4.206010885513629,0.13627976565992134,6.615632589519654,0.136,4.288,6468.781
4.206034779584291,0.1393069208833499,6.605136096067867,0.136,4.288,6475.609
4.206130391723456,0.13911738503276397,6.5548730840989125,0.136,4.288,6482.437
4.2059576886180485,0.1357140764616554,6.433767926937345,0.134,4.288,6489.25
4.206255986670772,0.13663147657407118,6.312974829998328,0.134,4.288,6496.062
4.206315015138222,0.13594396661252825,6.204822902618599,0.134,4.288,6502.859
4.2063117655987,0.13584773169296863,6.107140710699579,0.134,4.288,6509.687
4.206463722784157,0.13402672811235666,6.0459954439871115,0.134,4.288,6516.547
4.206454951788319,0.13729523163599539,6.001287759065351,0.134,4.288,6523.39
4.2064834878109645,0.13597289613430755,5.902560314348043,0.134,4.288,6530.203
4.206630233988783,0.13467855856553085,5.825428546309346,0.134,4.288,6536.953
4.204938630330061,0.12784577128036562,5.768489867263098,0.126,4.283,6543.828
4.204990637844334,0.1269686025268677,5.716840635617461,0.126,4.283,6550.609
4.204947063038521,0.12620467262651058,5.632967134279934,0.126,4.283,6557.39
4.204920615250521,0.12728035435357343,5.577527036475767,0.126,4.283,6564.219
4.205002317543551,0.12892415196747742,5.500001224455148,0.126,4.283,6571.031
4.205183224790697,0.12643007290459018,5.462299932915053,0.126,4.283,6577.797
4.205232998655711,0.12861779472408535,5.368202846897371,0.125,4.283,6584.625
4.205184491742957,0.12655429527807988,5.29599956566022,0.125,4.283,6591.484
4.205449192906163,0.12615491002621457,5.251461917728352,0.125,4.283,6598.312
4.205552270522347,0.12613600104635916,5.200424601195998,0.125,4.283,6605.156
4.2055710801062585,0.12754234260137678,5.077223898677713,0.125,4.283,6611.922
4.2053479710159625,0.12617230527848444,5.065560689000754,0.125,4.283,6618.75
4.205687900108634,0.12585109397341515,5.020286498351788,0.125,4.283,6625.594
4.205778766192085,0.1255711073634033,4.952422937569507,0.125,4.283,6632.359
4.205850835353182,0.12485494126125317,4.894595027786697,0.123,4.283,6639.125
4.2058049118945595,0.1248756346321903,4.828529545421449,0.123,4.283,6645.906
4.20574552969988,0.12659578819198541,4.753157942471971,0.123,4.283,6652.687
4.20604143390494,0.1256251698228235,4.705344202859785,0.123,4.283,6659.531
4.206286066063661,0.12553994776251287,4.650353516759418,0.123,4.283,6666.344
4.206327885354762,0.1243905365203204,4.641082368161309,0.123,4.283,6673.172
4.206457777756753,0.12321206358057607,4.68703018130429,0.123,4.283,6680.015
4.20638997784757,0.12456638632596151,4.746009045677955,0.123,4.283,6686.781
4.206253738632905,0.12428742916980756,4.788562428150045,0.123,4.283,6693.625
4.206523434291304,0.12541816821817725,4.823765312141772,0.122,4.283,6700.656
4.206746653820787,0.12342679995323824,4.841953691931258,0.122,4.283,6707.484
4.205002404003462,0.1149202738625281,4.851716497270663,0.114,4.278,6714.375
4.205163228924751,0.11687364469604226,4.859226930845339,0.114,4.278,6721.234
4.205097666103353,0.11669252777627792,4.878488547204472,0.114,4.278,6728.031
4.2051188889672115,0.11497557268493927,4.909635552535978,0.114,4.278,6734.844
4.205046609892162,0.1157399262126489,4.932133090764215,0.114,4.278,6741.719
4.20535890778329,0.11610194486555159,4.939905995447129,0.114,4.278,6748.64
4.205056706740143,0.11623380648053301,4.951546993983199,0.114,4.278,6755.437
4.205131809567967,0.11570630051071255,4.972358215935822,0.114,4.278,6762.312
4.205189155972057,0.11420601690367152,4.963137254616206,0.114,4.278,6769.125
4.205216525472795,0.1163644257947205,4.969716945203862,0.114,4.278,6775.984
4.205217634194472,0.11596735403725021,4.980447065084389,0.114,4.278,6782.844
4.205290263306924,0.11572829610848995,4.993984191519223,0.114,4.278,6789.625
4.205312751061503,0.11453622400293595,4.998543415254026,0.114,4.278,6796.484
4.205366665424639,0.11803611379441388,4.998978050810836,0.114,4.278,6803.297
4.205137074710998,0.1149659699281048,5.0083229280748975,0.114,4.278,6810.156
4.205201058433202,0.11506837475018127,5.019220890383927,0.114,4.278,6817.0
4.2053766020499195,0.11502737524838072,5.030469028742607,0.114,4.278,6823.781
4.205265437524489,0.1158457448441497,5.040269612128915,0.114,4.278,6830.64
4.205478474239752,0.11440183301680941,5.0280935842220265,0.114,4.278,6837.453
4.205546835302613,0.11453656316050027,5.052014317685602,0.114,4.278,6844.328
4.205340207463927,0.1141138149057038,5.068113237652141,0.114,4.278,6851.203
4.205568133812752,0.11744538570309213,5.073533242169679,0.114,4.278,6858.047
4.205486589711765,0.11642069842438207,5.094204519790362,0.114,4.278,6864.875
4.205625752891716,0.11483836440572734,5.088417595345204,0.114,4.278,6871.719
4.2057018542592495,0.11404101258051672,5.0950442909327025,0.114,4.278,6878.562
4.205683904807646,0.11690398711162077,5.11233080328861,0.114,4.278,6885.344
4.205513222505425,0.11284580395782502,5.122583108092341,0.112,4.278,6892.187
4.2057127407184325,0.11346312965996479,5.129408169570117,0.112,4.278,6899.047
4.205637435415926,0.11553472516020166,5.142602821474148,0.112,4.278,6905.875
4.205780639348343,0.11460712700829075,5.154143146519652,0.112,4.278,6912.719
4.205939588261488,0.11420976565235734,5.157681150469679,0.112,4.278,6919.5
4.205856974015692,0.11427257321019066,5.154204323255127,0.112,4.278,6926.328
4.206013816267053,0.11270137996007862,5.159552480926093,0.112,4.278,6933.187
4.20594681947934,0.11392153960425103,5.175161962434483,0.112,4.278,6940.047
4.205871512510371,0.11561637743743107,5.188109327209391,0.112,4.278,6946.906
4.206200176471678,0.11593308388255602,5.197595879913092,0.112,4.278,6953.75
4.206061448337021,0.11395827358073128,5.196673272811966,0.112,4.278,6960.609
4.20622837399374,0.11428538205801517,5.211670303507368,0.112,4.278,6967.437
4.206110943402079,0.1151028604837301,5.229853848330313,0.112,4.278,6974.281
4.206137698917105,0.11346862521320715,5.232107298366166,0.112,4.278,6981.047
4.206262210769924,0.11370461354917104,5.229558426914209,0.112,4.278,6987.89
4.2061344911997045,0.11431606790283592,5.254032728320573,0.112,4.278,6994.734
4.206258544771242,0.11231435857674646,5.265997871428803,0.112,4.278,7001.515
4.206314756485834,0.11330606411897114,5.274540407189007,0.112,4.278,7008.344
4.206341080738184,0.11246248141843168,5.287494926204238,0.112,4.278,7015.203
4.206338224827396,0.11439555997179594,5.296949392283916,0.111,4.278,7022.031
4.20644119104243,0.11361289498244556,5.315011979787366,0.111,4.278,7028.875
4.206400062407139,0.11215262323091496,5.322582440122963,0.111,4.278,7035.64
4.20649714308363,0.11375998592546131,5.332982565240853,0.111,4.278,7042.469
4.206532437930618,0.11456457882145316,5.35337763231478,0.111,4.278,7049.312
4.206445468551394,0.11641902604485806,5.380763490655409,0.111,4.278,7056.078
4.206663878104203,0.11659565579972694,5.381408644592692,0.111,4.278,7062.922
4.206580615101994,0.11402894744179115,5.393022056828162,0.111,4.278,7069.75
4.206594287204688,0.11364689486835819,5.3978248212983635,0.111,4.278,7076.531
4.206736490403937,0.11192399409854124,5.407216138686219,0.111,4.278,7083.39
4.206753605370771,0.11137198127519414,5.412610318018767,0.111,4.278,7090.203
4.206762623374662,0.11269795108037123,5.431661706290713,0.111,4.278,7097.047
4.206817609872148,0.11317738131638748,5.440870526159083,0.111,4.278,7103.875
4.2067119406189635,0.11209749460092193,5.452687171942413,0.111,4.278,7110.656
4.206874846074351,0.11182263667049196,5.4635066872633615,0.111,4.278,7117.484
4.207075026631776,0.11106697484200749,5.481129145760922,0.111,4.278,7124.328
4.206928456179343,0.11308086099678513,5.498180467767615,0.111,4.278,7131.094
4.206816381861212,0.11457989517608606,5.508072501721944,0.111,4.278,7137.937
4.207034958964092,0.11187554272405033,5.51827284081737,0.111,4.278,7144.765
4.206936687296968,0.11044496760798833,5.5270116912058365,0.111,4.278,7151.531
4.206932793766134,0.11433224551579772,5.547643779203454,0.11,4.278,7158.375
4.207049589688316,0.11254363410612019,5.559364735045761,0.11,4.278,7165.203
4.207068092540324,0.11084766582443029,5.577522115489104,0.11,4.278,7171.984
4.207108673873325,0.11086769376381914,5.581513648240996,0.11,4.278,7178.812
4.207221598181097,0.11219146863860831,5.59778695427216,0.11,4.278,7185.656
4.2071224850568205,0.11143068684435473,5.605302942616767,0.11,4.278,7192.422
4.2071678228895975,0.1133062961168107,5.618824786590891,0.11,4.278,7199.25
4.207321304971857,0.11060508525931237,5.612362356068602,0.11,4.278,7206.078
4.207245567114849,0.11011346696534519,5.628863281566116,0.11,4.278,7212.844
4.2072771164557885,0.11283137260233086,5.649958146381338,0.11,4.278,7219.672
4.207270874688366,0.11050414061180436,5.665120313018239,0.11,4.278,7226.515
4.207311850201651,0.11132952953692518,5.674699872139566,0.11,4.278,7233.281
4.207340586993511,0.11234049768738422,5.683878567619146,0.11,4.278,7240.109
4.207451698345871,0.11148055996484703,5.70597073661799,0.11,4.278,7246.937
4.207562104737871,0.1119244986011518,5.718188304527236,0.11,4.278,7253.703
4.206002350240697,0.10280749549409647,5.738381828061537,0.102,4.272,7260.578
4.205978591072716,0.10314463240378345,5.7552254530664575,0.102,4.272,7267.406
4.205724289419681,0.10261211765359417,5.755008094717392,0.102,4.272,7274.25
4.205711257333257,0.10523284576927508,5.77583079447504,0.103,4.272,7281.094
4.20578314604735,0.10474442683786236,5.791667642157841,0.102,4.272,7287.937
4.205685679554713,0.10494090207874415,5.7815814162354355,0.102,4.272,7294.765
4.205541005473081,0.10240741500531385,5.795221630004654,0.102,4.272,7301.609
4.2058967311389575,0.10550506017840638,5.829700523669476,0.102,4.272,7308.453
4.205544637331622,0.10473444437548514,5.830104797269789,0.103,4.272,7315.281
4.205638659922086,0.10271547271118407,5.84294418242445,0.103,4.272,7322.14
4.205735119731091,0.10216569665410104,5.8562562953207085,0.103,4.272,7328.969
4.2057112214349415,0.10341463583944607,5.870364509976126,0.103,4.272,7335.828
4.205611389159913,0.1042069326926929,5.872110795333153,0.102,4.272,7342.672
4.2056135368992384,0.103906092621916,5.8845646490031704,0.102,4.272,7349.484
4.205630959960024,0.10319945761634382,5.902089223344163,0.103,4.272,7356.25
4.205687387551252,0.10405150138378304,5.907374159730851,0.103,4.272,7363.094
4.205868411479079,0.10457382151615889,5.925576293290885,0.102,4.272,7369.89
4.20580028824168,0.10366649656275681,5.940385248956565,0.102,4.272,7376.734
4.205733390203989,0.1037742934366303,5.939660408256519,0.102,4.272,7383.594
4.205625058313499,0.1032140759420919,5.946839420679953,0.102,4.272,7390.422
4.205702577641347,0.10405276157086549,5.958419502382397,0.102,4.272,7397.281
4.205831805450716,0.10554574475242806,5.957754081411395,0.102,4.272,7404.125
4.205609811820722,0.10440137437911799,5.981071696180523,0.102,4.272,7410.937
4.205877001330298,0.10516012181542854,5.990615771667973,0.102,4.272,7417.781
4.205982805844588,0.10460888324775192,5.99185575242025,0.102,4.272,7424.625
4.205843025287228,0.1016252317305634,6.0072835809466225,0.102,4.272,7431.39
4.205834815663212,0.10258626484544299,6.025285623772159,0.102,4.272,7438.234
4.205863478311873,0.1034140425815962,6.02288242163574,0.102,4.272,7445.047
4.205959796096279,0.10446325325535318,6.041730272799517,0.102,4.272,7451.812
4.205808935276643,0.1032087249404632,6.049553877597795,0.102,4.272,7458.656
4.205870755134291,0.10416850936261612,6.07116807675049,0.102,4.272,7465.469
4.205991519728497,0.1043202476979968,6.068744488167221,0.102,4.272,7472.312
4.206079533601181,0.10261766744597745,6.086011833339413,0.102,4.272,7479.14
4.205979522925314,0.10454606865560807,6.087905887504302,0.102,4.272,7485.906
4.2058582584763675,0.10317738263674188,6.10094380951839,0.102,4.272,7492.75
4.205981496505559,0.1035971364150915,6.1002709631628305,0.102,4.272,7499.562
4.206037712242635,0.10473451669698611,6.108911592805186,0.102,4.272,7506.406
4.206067693722579,0.10304357495753654,6.122016448008401,0.102,4.272,7513.25
4.205938595095745,0.10553552515512647,6.119590166219194,0.102,4.272,7520.015
4.206051121311418,0.10291258032132682,6.11811957323195,0.102,4.272,7526.859
4.206172015753051,0.10397499841498987,6.132159578711606,0.102,4.272,7533.672
4.206138262506032,0.10337180808692423,6.145347492038603,0.102,4.272,7540.5
4.20606759791762,0.10293730501837152,6.161099173409,0.102,4.272,7547.359
4.206334004668278,0.10260494892802319,6.168402969495236,0.102,4.272,7554.203
4.206253984218977,0.10410699711869655,6.175403740716484,0.102,4.272,7561.031
4.20615996555538,0.10170755775595636,6.17528640872068,0.102,4.272,7567.875
4.206297315613797,0.10110640629110842,6.189587139382017,0.102,4.272,7574.719
4.206305659013879,0.10439743746018113,6.211584506811991,0.102,4.272,7581.562
4.206272189713946,0.10090212230376538,6.214605406628472,0.1,4.272,7588.422
4.2063863313770025,0.10356691043843196,6.221534238433751,0.102,4.272,7595.265
4.206391343435479,0.104413200318089,6.239935650346624,0.1,4.272,7602.047
4.2062613297961855,0.10225575833027352,6.251534923664098,0.1,4.272,7608.812
4.206368905981622,0.1027024943224241,6.275626274086832,0.1,4.272,7615.578
4.206625825407618,0.10194989607824177,6.278036145996869,0.1,4.272,7622.422
4.204986738825124,0.09432055944553247,6.291113305999789,0.092,4.267,7629.25
4.2047400283889464,0.09527913054662047,6.3068910149100335,0.093,4.267,7636.015
4.204498986326163,0.09412772836174996,6.310466716266621,0.093,4.267,7642.859
4.204648740127051,0.0924166442930619,6.312740886099252,0.093,4.267,7649.64
4.204822613946331,0.09397745668926907,6.324603975750294,0.093,4.267,7656.422
4.204649471227322,0.09668813846970226,6.334838380799201,0.093,4.267,7663.25
4.204585436784803,0.09585716657170334,6.346209194074269,0.093,4.267,7670.078
4.204537001568072,0.09481629469201411,6.3538190754698265,0.093,4.267,7676.828
4.204812167725597,0.09328633138487748,6.355092345518216,0.093,4.267,7683.672
4.204625712860165,0.09530220019761397,6.363424303944166,0.093,4.267,7690.515
4.204582281783633,0.09504968159270592,6.371644030262681,0.093,4.267,7697.281
4.204537231539923,0.09579436421433707,6.3888577419089,0.093,4.267,7704.125
4.204559434648,0.09575227797565923,6.398760089517147,0.093,4.267,7710.922
4.204718783181,0.09598811041062583,6.402107562723507,0.093,4.267,7717.703
4.204709066193365,0.09458401395813679,6.41764251421301,0.093,4.267,7724.562
4.204456608346502,0.09541180729540308,6.437258534442058,0.093,4.267,7731.359
4.2046909345339465,0.09487829921821865,6.448157438989954,0.093,4.267,7738.125
4.204544059473379,0.09426692295875232,6.452142434637195,0.093,4.267,7744.953
4.204420802750746,0.09534420626171651,6.463993057298291,0.093,4.267,7751.797
4.204603488351342,0.09518956292026544,6.475600186177414,0.093,4.267,7758.562
4.204511147317405,0.09402845205188276,6.49154944550374,0.093,4.267,7765.406
4.204524420045858,0.09461025152438944,6.493218196444656,0.093,4.267,7772.203
4.204440575606222,0.09323518931746928,6.501714478946887,0.093,4.267,7778.953
4.204610057954027,0.09539184092050074,6.50745685376407,0.093,4.267,7785.797
4.20467909353408,0.09474944043806843,6.5351622736855255,0.093,4.267,7792.625
4.204630769734966,0.09645094235909663,6.544876208603336,0.093,4.267,7799.39
4.204697770803949,0.09520046775747648,6.553423934293952,0.093,4.267,7806.219
4.20467925488455,0.09571385623073941,6.549935360147349,0.093,4.267,7813.062
4.204667356029776,0.09321711998214649,6.559652946948818,0.093,4.267,7819.89
4.204913700058446,0.09604659652514862,6.5344970607764825,0.093,4.267,7826.719
4.2048785167805125,0.09505332264503677,6.475629688014692,0.093,4.267,7833.5
4.204635619371005,0.09590256209165626,6.347162621557377,0.093,4.267,7840.344
4.204746379379444,0.09455420429275842,6.220067228812734,0.093,4.267,7847.125
4.204802525479624,0.09347622787703674,6.114999259729616,0.093,4.267,7853.906
4.204736288681173,0.0965893361671015,5.999991445946861,0.093,4.267,7860.734
4.20492945804511,0.09519074817796917,5.95663195455244,0.093,4.267,7867.578
4.204972123563455,0.09327787912882193,5.901191389430213,0.093,4.267,7874.422
4.204856336385558,0.09380899339530516,5.866771017742592,0.092,4.267,7881.25
4.20498562461676,0.09514672118386408,5.779667632888136,0.092,4.267,7888.015
4.204995422310721,0.09450077237708028,5.710125554384965,0.092,4.267,7894.844
4.205195244114224,0.09519407827523052,5.618992785463713,0.092,4.267,7901.672
4.205214698321801,0.09409869583684612,5.535420755919594,0.092,4.267,7908.437
4.205212120360268,0.09547202585404058,5.484551494673766,0.092,4.267,7915.203
4.20528507820705,0.09258202681154847,5.435804486987081,0.092,4.267,7922.047
4.205230934741476,0.09375327997963905,5.393018094563571,0.092,4.267,7928.875
4.2054093532560275,0.09264983837281023,5.331873488776817,0.092,4.267,7935.656
4.205448012800276,0.09096142204668244,5.238230438103653,0.092,4.267,7942.469
4.2055066948842,0.09346212998524263,5.198502147170934,0.092,4.267,7949.312
4.20572704619841,0.09429540294781304,5.107536806863476,0.092,4.267,7956.062
4.205628048005167,0.09199239263155011,5.025736272724926,0.091,4.267,7962.828
4.2057890856961775,0.09179427180282154,4.9868832418074645,0.091,4.267,7969.64
4.205808387467662,0.09358895019867372,4.921596866927982,0.091,4.267,7976.484
4.205934070425363,0.09137748881967381,4.858267025296677,0.091,4.267,7983.25
4.206009242144599,0.09275486486039095,4.817904754263316,0.091,4.267,7990.015
4.20608986939869,0.092200307957647,4.753477192169367,0.091,4.267,7996.828
4.206168166039594,0.09358166980916416,4.72200503495909,0.091,4.267,8003.656
4.206277095853748,0.09534113317290685,4.626776388179569,0.091,4.267,8010.406
4.206405614271717,0.09047021490442436,4.598499139205357,0.089,4.267,8017.172
4.206262541916488,0.09124021251617645,4.573415708341279,0.089,4.267,8024.0
4.206494765078584,0.08834380964517966,4.631464033842107,0.089,4.267,8030.828
4.206519917505193,0.09355495100874353,4.711377197869924,0.089,4.267,8037.594
4.206594190904072,0.09184868580249994,4.765949000807413,0.089,4.267,8044.375
4.205006041693583,0.08313970524666875,4.785493323334566,0.081,4.261,8051.234
4.2048758682253835,0.08331133582472376,4.800100648120284,0.081,4.261,8058.062
4.204829598596212,0.08406240082592965,4.811875433967046,0.081,4.261,8064.906
4.204754927108922,0.08266550189496061,4.837991270957793,0.081,4.261,8071.75
4.204781985988171,0.08259294312711461,4.861798509023418,0.081,4.261,8078.578
4.2047329950528605,0.08237774853366846,4.8793586079089675,0.081,4.261,8085.422
4.204803858930779,0.08276003094506386,4.889911813559979,0.081,4.261,8092.187
4.204841472294086,0.08358002469952565,4.906939155511729,0.081,4.261,8099.031
4.205016755817342,0.083942805841312,4.934160784246142,0.081,4.261,8105.812
4.204762937618319,0.08192481240564278,4.957276049667651,0.081,4.261,8112.578
4.204927500125329,0.08257457872028699,4.9543170091472355,0.081,4.261,8119.422
4.20497737861188,0.08431263256393305,4.962048206388164,0.081,4.261,8126.265
4.204982984577179,0.08300594068491425,4.959896976701844,0.081,4.261,8133.109
4.204814404319201,0.08151995489039117,4.981184019155451,0.081,4.261,8139.937
4.20492355895173,0.0830205000989283,4.974899896239808,0.081,4.261,8146.797
4.204834093511361,0.08327430830965202,4.975112456109092,0.081,4.261,8153.609
4.204969512316284,0.08228521178868436,4.979651072035785,0.081,4.261,8160.39
4.2049545091289575,0.08224125566178675,4.9956346020983355,0.081,4.261,8167.234
4.205062175272772,0.08282057043066783,4.998162173782216,0.081,4.261,8174.031
4.204953308061104,0.08143852603779873,5.015634723797633,0.081,4.261,8180.797
4.205016223505282,0.08312824904091683,5.020449549537177,0.081,4.261,8187.64
4.205079958534084,0.08170428688691429,5.029557774388628,0.081,4.261,8194.453
4.205120351032066,0.08142847514146868,5.036673727463483,0.081,4.261,8201.281
4.205151164059728,0.0820235966566071,5.049631574842421,0.081,4.261,8208.125
4.20510472103823,0.0830695397239322,5.0579734449232845,0.081,4.261,8214.89
4.2051621821451075,0.08099149190081849,5.0604918302860495,0.081,4.261,8221.719
4.205025276780812,0.08257869578796997,5.067128657312848,0.081,4.261,8228.515
4.205283531710733,0.08292401944511164,5.092534112147695,0.081,4.261,8235.281
4.205206285266245,0.08263358116180719,5.101059313925914,0.081,4.261,8242.14
4.205010157903869,0.0812079796516841,5.103127107979599,0.081,4.261,8248.937
4.205193785471087,0.08295248880113566,5.1038633690168895,0.081,4.261,8255.719
4.2052842233602785,0.08174251490613951,5.11363095378307,0.081,4.261,8262.89
4.2053145245053605,0.08254560959458285,5.125669861857309,0.081,4.261,8269.687
4.205356088703109,0.08108445951861416,5.140784432098037,0.081,4.261,8276.453
4.2052550898111365,0.08365638105876916,5.149133347654281,0.081,4.261,8283.281
4.205290916971481,0.08005957308954686,5.159640637083591,0.081,4.261,8290.109
4.205292400829375,0.08107425450811995,5.176366767801694,0.081,4.261,8296.89
4.2054703794812385,0.08241839586572866,5.1928412290010035,0.081,4.261,8303.719
4.205342861592306,0.08173482404570004,5.185643056373459,0.081,4.261,8310.562
4.205435110021349,0.08343735671619094,5.19644031581995,0.081,4.261,8317.39
4.205431499342108,0.08288981828649303,5.224795119010182,0.081,4.261,8324.234
4.205347098677789,0.08170123803177264,5.226867170016592,0.08,4.261,8331.062
4.205382282503749,0.0817949775682103,5.239040946136003,0.08,4.261,8337.906
4.205344925587819,0.0813663112516358,5.255115980793914,0.08,4.261,8344.687
4.205554792404001,0.08204344473141295,5.266588758374126,0.08,4.261,8351.531
4.205448668365711,0.08191514469998001,5.2802571201783275,0.08,4.261,8358.328
4.205402633813666,0.08146042964962083,5.295857818568278,0.08,4.261,8365.078
4.205541285601937,0.0820197897521573,5.301924599002972,0.08,4.261,8371.844
4.205422345483272,0.07996377162402857,5.319711754358042,0.08,4.261,8378.687
4.205427426313765,0.0839253014982281,5.323404198206467,0.08,4.261,8385.484
4.205574858055689,0.07981551595177454,5.3355591469812556,0.08,4.261,8392.234
4.205604100443259,0.08220530777641752,5.353917211719957,0.08,4.261,8399.062
4.205587117679326,0.08197432378852088,5.362698307797675,0.08,4.261,8405.906
4.205637627397114,0.08169328981153688,5.377519073216033,0.08,4.261,8412.672
4.205454174231087,0.08347688512162788,5.377416077725321,0.08,4.261,8419.515
4.2058409355282835,0.07898282346549264,5.397500233268558,0.08,4.261,8426.312
4.205628096620819,0.0813745604995765,5.413942394656063,0.08,4.261,8433.062
4.205673651536397,0.08344163889466882,5.41799760405679,0.08,4.261,8439.828
4.205735068822372,0.0809915414327992,5.434704024633389,0.08,4.261,8446.672
4.205742430878694,0.08050496435848618,5.454487354462412,0.08,4.261,8453.469
4.2057928289521005,0.0824433652941137,5.4501421224621405,0.08,4.261,8460.25
4.205860022123603,0.08064533986691971,5.4814970220930235,0.08,4.261,8467.078
4.205804798351647,0.08442315175127056,5.495221967064233,0.08,4.261,8473.906
4.205701367151681,0.08170644315694431,5.5001422384626615,0.08,4.261,8480.75
4.205824169375453,0.08012121670318006,5.511806803582151,0.08,4.261,8487.594
4.205906054164082,0.0810840813080608,5.515558155410657,0.08,4.261,8494.422
4.2059529167262335,0.08351119208036589,5.537167526495579,0.08,4.261,8501.25
4.205838844025066,0.07933383331665639,5.544966197602121,0.08,4.261,8508.015
4.205992125351585,0.08164786600441111,5.559659642096871,0.08,4.261,8514.844
4.206100856418798,0.08128685642727611,5.569623781964806,0.08,4.261,8521.656
4.205930208404661,0.08137932579491154,5.5847564557711635,0.08,4.261,8528.5
4.206007812800684,0.08011031763325774,5.600844632082023,0.079,4.261,8535.328
4.206045016621404,0.08270494591802628,5.624700604335152,0.08,4.261,8542.094
4.205978159247793,0.08199733068272833,5.622725115493356,0.079,4.261,8548.937
4.205968764770098,0.08125796630538146,5.642185725594283,0.08,4.261,8555.75
4.206063991327436,0.08082175310219372,5.646409556514907,0.08,4.261,8562.515
4.206004118133138,0.07950133182809743,5.670458663127826,0.079,4.261,8569.344
4.206108550093265,0.08137326970782928,5.683336878746434,0.079,4.261,8576.172
4.206137669855552,0.0821157086849914,5.688887479875175,0.079,4.261,8582.937
4.206177527775258,0.0804194315271147,5.6890627926081985,0.079,4.261,8589.765
4.20609761650917,0.07989914541345118,5.707873979920986,0.079,4.261,8596.609
4.206179564741017,0.07973703305535662,5.723139730376194,0.079,4.261,8603.375
4.206205364711159,0.08006399127233382,5.7270379011589085,0.079,4.261,8610.219
4.206199962674294,0.07996054080550558,5.738144715297307,0.079,4.261,8617.047
4.206226376099271,0.08055162470436052,5.7586389475430995,0.079,4.261,8623.797
4.206321605291416,0.08054020531223138,5.760776852427784,0.079,4.261,8630.578
4.20628298588123,0.07954458770520077,5.77900228759855,0.079,4.261,8637.437
4.20624549406371,0.07932881121634835,5.787525621302562,0.079,4.261,8644.234
4.206235916127801,0.07983316876832842,5.791285341616381,0.079,4.261,8650.984
4.206282619655138,0.0789619704732364,5.805635804554076,0.079,4.261,8657.75
4.206193779312745,0.07947645904878514,5.82096218647706,0.079,4.261,8664.594
4.20631465856491,0.08004522190002744,5.840897567867182,0.079,4.261,8671.437
4.206393202153484,0.08044701801766849,5.864113295235111,0.079,4.261,8678.265
4.206249960360319,0.0782098514109664,5.851482069700355,0.079,4.261,8685.109
4.20642155772242,0.07904187787583639,5.8642896969502445,0.079,4.261,8691.89
4.206384333741221,0.07970253458364407,5.8747965921682965,0.079,4.261,8698.719
4.206370663565121,0.08023336397129038,5.894177319615166,0.079,4.261,8705.562
4.206474414637055,0.07877882480470134,5.893128847367266,0.079,4.261,8712.406
4.2065738554573135,0.08027438188313926,5.9122389113176315,0.079,4.261,8719.25
4.204985695698839,0.0727896083783662,5.914367800386918,0.07,4.256,8726.062
4.204799679737362,0.07214054490490665,5.926488228366414,0.07,4.256,8732.89
4.204701396042278,0.0718581593814102,5.93221062535236,0.07,4.256,8739.687
4.204662018067161,0.07316215412869835,5.9599626710744085,0.072,4.256,8746.672
4.204666421279097,0.07160871213916574,5.965729271525884,0.07,4.256,8753.469
4.204742571117064,0.07248692985214439,5.971609003442062,0.072,4.256,8760.25
4.204531714829328,0.07206132570366287,5.982731087799379,0.072,4.256,8767.094
4.204533155116611,0.0743948976281389,5.991093954002381,0.072,4.256,8773.953
4.204553587129331,0.07174251684772641,5.999524340972646,0.072,4.256,8780.797
4.204552378351686,0.07512529018474422,6.013936142066411,0.072,4.256,8787.625
4.204641340093468,0.07447759925756836,6.014183927016297,0.072,4.256,8794.406
4.2044932976385345,0.07207624096099498,6.019462510648863,0.072,4.256,8802.031
4.204479329564547,0.07529787913768884,6.0330169544314876,0.072,4.256,8808.797
4.204461059084901,0.07485593797230439,6.043525131408547,0.072,4.256,8815.703
4.204521316198099,0.07388168309803617,6.051542189589571,0.072,4.256,8822.562
4.2045396943577,0.07288219063347914,6.050442892066795,0.072,4.256,8829.406
4.204447589610542,0.07323844831901372,6.062155814490304,0.072,4.256,8836.25
4.204541245155926,0.07251633082720835,6.07197433954658,0.072,4.256,8843.047
4.204342078359573,0.07348496036224858,6.079049621837957,0.072,4.256,8849.89
4.204437209884998,0.07277779028712712,6.08547215221338,0.072,4.256,8856.75
4.204470689571552,0.07349963650195536,6.089945107117119,0.072,4.256,8863.578
4.204526164525843,0.07181672950452753,6.111990695581617,0.072,4.256,8870.437
4.204512722444805,0.07247863811643115,6.126506194212393,0.072,4.256,8877.281
4.204613760329408,0.07423197958432455,6.135475844575959,0.072,4.256,8884.109
4.204452349954647,0.074053701931796,6.142596018873511,0.072,4.256,8890.89
4.204345491248245,0.07272552442652813,6.158759807758504,0.072,4.256,8897.734
4.204539909110608,0.07203985322288631,6.166683392529146,0.072,4.256,8904.562
4.204327969054657,0.07358906357221842,6.179613031779986,0.072,4.256,8911.328
4.20447011516013,0.07367102092657597,6.184974041679952,0.072,4.256,8918.109
4.2044833795884236,0.07417811314800883,6.209752776795946,0.072,4.256,8924.937
4.204588105575016,0.07219003536414284,6.213594303236542,0.072,4.256,8931.765
4.20467631799736,0.07420045284704847,6.220425795325837,0.072,4.256,8938.547
4.204465054152291,0.07167429433910687,6.23128421321442,0.072,4.256,8945.39
4.204442313903293,0.07058664301355405,6.234563618550062,0.072,4.256,8952.203
4.204418154749237,0.07205067621383866,6.257309503298012,0.072,4.256,8958.984
4.204621992782838,0.07502953523894763,6.2656265195597625,0.072,4.256,8965.969
4.204696156742605,0.0730410878951564,6.269645457716383,0.072,4.256,8972.765
4.2044792922295935,0.07003161989604528,6.277782262510799,0.072,4.256,8979.64
4.204475685546112,0.07234025573262373,6.292066989827014,0.072,4.256,8986.484
4.2045054087743825,0.0727904579148972,6.303212986274077,0.072,4.256,8993.375
4.204575379617785,0.0728848994179773,6.316930951094497,0.072,4.256,9000.203
4.204582793135764,0.07348846966208253,6.31976526342706,0.072,4.256,9007.094
4.204573566833126,0.07325920848489605,6.329460721006015,0.072,4.256,9013.937
4.204615399989195,0.0727811280057102,6.344004484010911,0.072,4.256,9020.828
4.204624297387595,0.07247529794982467,6.350385790301438,0.07,4.256,9027.64
4.204761106331547,0.07323804430903053,6.350390167191933,0.07,4.256,9034.531
4.20449126745949,0.07181362102237082,6.36711085361456,0.07,4.256,9041.344
4.204628010671967,0.07230458043853952,6.387617592223898,0.07,4.256,9048.219
4.204784335322553,0.07328583100734,6.3955853393819275,0.07,4.256,9055.047
4.204707135474046,0.07298948404607837,6.408172661173991,0.07,4.256,9061.844
4.204703678073148,0.07321105407114131,6.410438201301314,0.072,4.256,9068.703
4.204804521748636,0.07201609287128419,6.429080969891808,0.07,4.256,9075.515
4.204761982644515,0.07322774550706206,6.4362153756703195,0.07,4.256,9082.375
4.204862136140529,0.07215968946934459,6.4438954722160275,0.072,4.256,9089.203
4.204910875582609,0.07173950899182756,6.4474577441683465,0.07,4.256,9096.0
4.204751038787461,0.07174957224366318,6.47212136155428,0.07,4.256,9102.859
4.204782427336413,0.07298146141239907,6.483330374124784,0.07,4.256,9109.687
4.204934722002208,0.07204215771791751,6.480644737084658,0.07,4.256,9116.531
4.204752556942219,0.07131527156032794,6.5023660034551956,0.07,4.256,9123.359
4.2048166514817655,0.07307536425657594,6.501621079805772,0.07,4.256,9130.156
4.204868948595835,0.07128084158185816,6.518512758233813,0.07,4.256,9137.0
4.204761225792184,0.07153075662418348,6.516600384194959,0.07,4.256,9143.812
4.204971221095096,0.07239037308326839,6.518793350970269,0.07,4.256,9150.609
4.204770108706013,0.07247894231622387,6.502525256766869,0.07,4.256,9157.437
4.204922174019118,0.07228678573590265,6.436231495007834,0.07,4.256,9164.234
4.204980504888364,0.07229389755402303,6.307353105141342,0.07,4.256,9171.015
4.204947203577333,0.07258950570831377,6.174934710475248,0.07,4.256,9177.859
4.205008445739005,0.0718155875275073,6.063214431348725,0.07,4.256,9184.687
4.2051662065517785,0.0715793702888617,5.971066324539794,0.07,4.256,9191.469
4.20507078231781,0.07200281719400077,5.9074224951300325,0.07,4.256,9198.328
4.205129408562957,0.0720231145996101,5.864225686915016,0.07,4.256,9205.14
4.205072206018039,0.07117001795787738,5.811812573532054,0.07,4.256,9211.922
4.205101577161311,0.07197439034241063,5.727222414590824,0.07,4.256,9218.765
4.205206818318967,0.0719543536456605,5.657475329954191,0.07,4.256,9225.562
4.2052362052953765,0.07179371163463504,5.583214839859329,0.07,4.256,9232.344
4.205282565706096,0.07343482173081237,5.538514683589287,0.07,4.256,9239.172
4.205302807719984,0.07044267074685663,5.456770848245614,0.07,4.256,9246.0
4.205401067792331,0.07105576106870407,5.3838117790895295,0.07,4.256,9252.781
4.205382401031927,0.07033591078139753,5.301973348464012,0.069,4.256,9259.625
4.205436468224809,0.07136561355996371,5.267118956621036,0.069,4.256,9266.422
4.205494000833856,0.07026830342833781,5.234071890689738,0.069,4.256,9273.203
4.205621145175852,0.0718864979575424,5.152047787697608,0.069,4.256,9280.031
4.205745288938073,0.07111460089096087,5.084791965470361,0.069,4.256,9286.859
4.2056037048652035,0.07041081521105519,4.997936957956247,0.069,4.256,9293.64
4.205678731179358,0.069982900782148,4.961575481459015,0.069,4.256,9300.515
4.205829434151814,0.07090915283885274,4.910338106365093,0.069,4.256,9307.312
4.2058682789706126,0.06961593400637121,4.8656888630372,0.069,4.256,9314.078
4.20595658370922,0.06961874920599981,4.80655344719884,0.069,4.256,9320.922
4.206047394235669,0.07043303496567446,4.718463860605448,0.069,4.256,9327.765
4.2059381196972145,0.06921897350555295,4.6600731900473225,0.068,4.256,9334.531
4.205991112713939,0.07017845937608909,4.622233040398988,0.068,4.256,9341.39
4.20614276342767,0.06984504045151678,4.638799931462867,0.068,4.256,9348.187
4.206288264143418,0.06949740413141224,4.696773851803365,0.068,4.256,9354.953
4.206226980328659,0.06897506259994288,4.744877997284262,0.068,4.256,9361.797
4.206196039039308,0.06981473373906572,4.780854197489403,0.068,4.256,9368.64
4.206173143090904,0.06915812448854039,4.800964579639806,0.068,4.256,9375.422
4.206390852723435,0.06976615081356065,4.81685581940157,0.068,4.256,9382.281
4.206395456189545,0.06994398504260742,4.842020400803454,0.068,4.256,9389.109
4.206401642575351,0.0691956221746453,4.874802578338814,0.068,4.256,9395.875
4.206499262693145,0.06865815109001351,4.901901631114043,0.068,4.256,9402.656
4.206767685546392,0.06838982722123665,4.916601010986251,0.068,4.256,9409.5
4.205053288586206,0.06233222487531519,4.926377980074778,0.06,4.25,9416.344
4.204950568458122,0.0590590156789741,4.934432931541957,0.06,4.25,9423.109
4.204807970385176,0.06178979504365713,4.947458576958032,0.06,4.25,9429.953
4.204792418311219,0.060046940890471516,4.969724037511344,0.061,4.25,9436.75
4.204744018162899,0.059494090658918225,4.980493671837268,0.061,4.25,9443.531
4.204754215643091,0.06181696221701911,4.98946214496948,0.061,4.25,9450.375
4.204639719232784,0.06168543738614176,4.997858742111333,0.06,4.25,9457.219
4.204652870781737,0.06103427831495702,5.006597235242128,0.06,4.25,9464.062
4.204756305503029,0.06012633754850215,4.996050976762911,0.061,4.25,9470.906
4.204595502817104,0.06306521119028319,5.008170223286153,0.061,4.25,9477.672
4.2046824170671995,0.06041497245555546,5.024143038270521,0.061,4.25,9484.5
4.204583543409983,0.061266388783591905,5.027365059598957,0.061,4.25,9491.328
4.204801540167029,0.05974106052452419,5.025027887774127,0.061,4.25,9498.109
4.204737877169025,0.059886241381370095,5.0451361981964755,0.06,4.25,9504.953
4.20471761313827,0.06173277839902961,5.053374789178862,0.061,4.25,9511.781
4.204714630099655,0.05969632575025458,5.063819241939845,0.061,4.25,9518.547
4.204857444592467,0.06181066657687672,5.0665672314786505,0.06,4.25,9525.39
4.204763163194979,0.062335864430200116,5.066063567430637,0.06,4.25,9532.172
4.204639659362534,0.0612512099608844,5.085366944888484,0.06,4.25,9538.937
4.2047374750083,0.06322061008846025,5.091078804158783,0.06,4.25,9545.703
4.204601604472925,0.05640978239558499,5.103992656237541,0.06,4.25,9552.547
4.204762495727064,0.061606447570623696,5.117867638177208,0.06,4.25,9559.359
4.204559333630474,0.06096223861916152,5.1169682306605315,0.06,4.25,9566.14
4.204765136583764,0.06246940717613996,5.11000001411957,0.06,4.25,9572.984
4.204822254733884,0.06063613630553413,5.133312864775621,0.061,4.25,9579.797
4.204866037014061,0.06204915391572205,5.142210752936925,0.06,4.25,9586.562
4.20481702808609,0.06299712188346052,5.159252668413618,0.06,4.25,9593.406
4.20473750217831,0.06043284491958885,5.162400560889237,0.06,4.25,9600.203
4.204923439290237,0.06262473108203302,5.1674756699085025,0.06,4.25,9606.969
4.204910631683981,0.059204775153951894,5.172300347300337,0.06,4.25,9613.812
4.204718233506291,0.06050290964347585,5.191709513447476,0.06,4.25,9620.625
4.20472264199147,0.060213693496394535,5.215037711319535,0.06,4.25,9627.406
4.204869193714862,0.06103335920169579,5.214663018893983,0.06,4.25,9634.25
4.204821416957044,0.06096422462683464,5.223152000613277,0.06,4.25,9641.062
4.204785528376054,0.05778596102790451,5.225968857339039,0.06,4.25,9647.844
4.2049547902218976,0.061014446975366156,5.2383069281005845,0.06,4.25,9654.687
4.204847002025846,0.06182764349066178,5.254219865820871,0.06,4.25,9661.5
4.204883021710109,0.060477822575437885,5.263977065949684,0.06,4.25,9668.328
4.204924691571704,0.062040903915316935,5.28086001054762,0.06,4.25,9675.172
4.204878346177394,0.06164449755021472,5.291038150715534,0.06,4.25,9681.953
4.20499921763872,0.05994901513734358,5.302495878632998,0.06,4.25,9688.781
4.204879504429145,0.05919047571877071,5.318349124315705,0.06,4.25,9695.578
4.204961060464729,0.06181567514134136,5.328593122232428,0.06,4.25,9702.359
4.205053058683585,0.058953272290287156,5.349582180166117,0.06,4.25,9709.187
4.2049765959852,0.06149419286162506,5.3598848886488595,0.06,4.25,9716.015
4.205023702693081,0.06206571612052444,5.373299803838443,0.06,4.25,9722.781
4.205036164951081,0.0630045206323053,5.3753372579378675,0.06,4.25,9729.609
4.2050202583451295,0.05751137564959107,5.399890777844062,0.06,4.25,9736.453
4.204889777270522,0.059963916283778285,5.417972451962927,0.06,4.25,9743.297
4.205245994919564,0.06126134380602227,5.431921459725475,0.06,4.25,9750.125
4.204971821008824,0.06148257770518038,5.445257132848768,0.06,4.25,9756.969
4.205054835104596,0.05868263751754336,5.446500943942935,0.06,4.25,9763.797
4.2050723140376824,0.05927737245583445,5.470797758687252,0.06,4.25,9770.578
4.205063276906488,0.06103704100390185,5.48358857358029,0.06,4.25,9777.406
4.20489017888093,0.062018965650833084,5.4961509260876165,0.06,4.25,9784.25
4.204959562893057,0.06162076624646864,5.49297942536096,0.06,4.25,9791.062
4.205057985648308,0.0603094123670511,5.5016351789302504,0.06,4.25,9797.922
4.204979446332363,0.05976650948200839,5.51850316496063,0.06,4.25,9804.687
4.2050232938457315,0.060682618232586256,5.5304347286379185,0.06,4.25,9811.531
4.204916919822185,0.0614648514665573,5.5468581160317925,0.06,4.25,9818.312
4.2051242390090025,0.061025546956833314,5.558481146004436,0.06,4.25,9825.094
4.205058621080122,0.059600076092388765,5.562099990751925,0.06,4.25,9831.906
4.2051150363945675,0.06146718238891364,5.574046215978267,0.06,4.25,9838.75
4.205149102391542,0.06170823697666672,5.574674294411246,0.06,4.25,9845.594
4.205149504046756,0.060586979954510733,5.58647366932216,0.06,4.25,9852.406
4.205187044206203,0.06130006754306129,5.605538962212808,0.06,4.25,9859.172
4.2052408485160795,0.060996210989315854,5.612736383807634,0.06,4.25,9865.937
4.205238628681081,0.06067115385730668,5.627767206766751,0.06,4.25,9872.765
4.205074102244826,0.06084528011563554,5.64756770102064,0.06,4.25,9879.75
4.205124680429322,0.05836006186001088,5.667012868783138,0.06,4.25,9886.562
4.205262063477932,0.059396105976741026,5.665501647697936,0.06,4.25,9893.359
4.205264103239762,0.05879239304290798,5.674513273246516,0.06,4.25,9900.172
4.205214497781964,0.0590920233911746,5.682404985252729,0.06,4.25,9907.0
4.205115168903519,0.0600219314090638,5.701653938772556,0.06,4.25,9913.75
4.205353263009498,0.05970228617302302,5.7141061016235755,0.06,4.25,9920.594
4.205265979235109,0.06228004433584265,5.725085784718485,0.06,4.25,9927.422
4.205287938484701,0.060433337950518855,5.7370006495247985,0.06,4.25,9935.062
4.205281663794751,0.061371064313251004,5.745390450450206,0.06,4.25,9941.812
4.2052070610502215,0.06134576567119696,5.75609928159542,0.06,4.25,9948.719
4.2053841951168,0.061131813580310605,5.782695855823879,0.058,4.25,9955.515
4.205362304807846,0.05900225698834683,5.804962488818316,0.058,4.25,9962.328
4.205410482727767,0.05976444119199338,5.814147604683482,0.06,4.25,9969.14
4.205362152814811,0.061208602862679845,5.820768051049398,0.06,4.25,9975.969
4.205288624101931,0.06154100760950699,5.830086104143457,0.058,4.25,9982.75
4.205260451977474,0.05899084458412629,5.830259066998186,0.058,4.25,9989.562
4.205333688547753,0.060853773302117754,5.837462865084046,0.058,4.25,9996.375
4.20536276352837,0.05975478359917711,5.84694728595266,0.058,4.25,10003.14
4.205500781293354,0.06155931262115782,5.8677608772392205,0.06,4.25,10009.953
4.205316950638997,0.05914533826933382,5.877928918192125,0.06,4.25,10016.781
4.205421157398473,0.060036441074133674,5.900064797643906,0.058,4.25,10023.547
4.205483732489203,0.06076910324717032,5.892998389874336,0.058,4.25,10030.375
4.205438612388507,0.05981896965605136,5.917636612420371,0.058,4.25,10037.187
4.2056813516448335,0.06070926006912607,5.91994228312962,0.058,4.25,10043.953
4.2054311863136,0.0582145941489056,5.932194760821956,0.058,4.25,10050.765
4.2055222595382915,0.05731865788987792,5.935067066869915,0.058,4.25,10057.594
4.205476643283048,0.059990050751655935,5.936384570673773,0.058,4.25,10064.359
4.20547041790103,0.05838630464210447,5.9492061817416735,0.058,4.25,10071.187
4.205510918472725,0.05850921001498822,5.9502298811423895,0.058,4.25,10078.0
4.205438400286083,0.05842935505490403,5.9634891472211615,0.058,4.25,10084.781
4.205536491326638,0.05957469584434576,5.969189773094535,0.058,4.25,10091.594
4.205423345471024,0.061150936504582316,5.99480694114702,0.058,4.25,10098.422
4.205569575568825,0.059888101280033634,5.98949070191385,0.058,4.25,10105.187
4.205587301813403,0.05919102938108477,5.993619385576252,0.058,4.25,10112.0
4.205573510671692,0.059069429060386314,6.003951368448126,0.058,4.25,10118.828
4.205490614180825,0.057461118063910015,6.008427289652888,0.058,4.25,10125.594
4.205648294366657,0.062015791530031804,6.0252808293389535,0.058,4.25,10132.406
4.2055590483092296,0.059996904355396646,6.048747252920225,0.058,4.25,10139.234
4.205378098319541,0.05814978889711682,6.047399296503699,0.058,4.25,10146.0
4.205565082654962,0.06105307584066611,6.059273100604613,0.058,4.25,10152.765
4.205566217164552,0.06119895538068457,6.065037482796772,0.058,4.25,10159.578
4.205546910849279,0.060552065851880235,6.080622424426494,0.058,4.25,10166.406
4.2055244719821285,0.05936098114231577,6.091617042556282,0.058,4.25,10173.156
4.205510607721324,0.05922838885444876,6.0988589138776,0.058,4.25,10179.969
4.205622781409984,0.057663259787495,6.102178138522667,0.058,4.25,10186.797
4.20569023851424,0.056896846746450014,6.113191393628419,0.058,4.25,10193.562
4.205672501337706,0.05830334117789718,6.1257477054673535,0.058,4.25,10200.375
4.205632910385437,0.05998372835260501,6.143641713654275,0.058,4.25,10207.219
4.2057213585911395,0.05741211231980505,6.1468833362755175,0.058,4.25,10214.0
4.205771827065777,0.060092113649140744,6.162895906180499,0.058,4.25,10220.828
4.205665518190411,0.06010276254623698,6.176487292259731,0.058,4.25,10227.656
4.205771120912336,0.061127816661326856,6.186957355385435,0.058,4.25,10234.406
4.205754845608614,0.0580853196903636,6.196001654615556,0.058,4.25,10241.234
4.205747923762627,0.06012841020389902,6.209329361838808,0.058,4.25,10248.047
4.20578867144515,0.05991733439184682,6.208362708686131,0.058,4.25,10254.828
4.205831912947911,0.05767935808195171,6.215957466483248,0.058,4.25,10261.64
4.205709871303885,0.058287546037823657,6.22440290483476,0.058,4.25,10268.469
4.205839283631001,0.059998689036862084,6.240927510317671,0.058,4.25,10275.219
4.205765942189526,0.05883293782725462,6.252475373082642,0.058,4.25,10281.984
4.205810158157761,0.05899550128768554,6.257373261785481,0.058,4.25,10288.797
4.205907783510162,0.0588991354491767,6.275852711848644,0.058,4.25,10295.64
4.205690494960424,0.060358521860914144,6.272641667631289,0.058,4.25,10302.469
4.205981640370484,0.05728521636810536,6.27147374720083,0.058,4.25,10309.328
4.205868120951979,0.05799834153603538,6.286166001807191,0.058,4.25,10316.094
4.205861403549917,0.05913738647053592,6.295774097548965,0.058,4.25,10322.906
4.205947416599146,0.05842953211812169,6.3063397077383865,0.058,4.25,10329.734
4.205901665869364,0.05848552166788962,6.315764425596759,0.058,4.25,10336.484
4.205982281483056,0.059298191609315425,6.325952609209454,0.058,4.25,10343.25
4.205990852385098,0.058551114794691654,6.337315488472212,0.058,4.25,10350.062
4.206063966263554,0.06000250697251003,6.345084642314887,0.058,4.25,10356.875
4.205986738794607,0.05958291928369759,6.358293535373175,0.058,4.25,10363.625
4.205926713114905,0.05834870172034357,6.369787432517948,0.058,4.25,10370.469
4.206013669546583,0.059454458388112134,6.376167211783749,0.058,4.25,10377.297
4.20596390670237,0.05962729563249241,6.380636893156042,0.057,4.25,10384.047
4.205846480473056,0.059756656257594486,6.408028637384835,0.058,4.25,10390.859
4.206030158211358,0.056458316681098686,6.404430325366653,0.058,4.25,10397.703
4.205994550128031,0.059073497634386796,6.424839908857005,0.057,4.25,10404.469
4.205982220251669,0.05898034075156473,6.443702133710355,0.057,4.25,10411.297
4.206049451914309,0.05876025227194943,6.446212881515432,0.057,4.25,10418.125
4.206098743770445,0.0587764560371696,6.454416289115483,0.058,4.25,10424.906
4.206076992806798,0.05749190558058237,6.46055739731044,0.057,4.25,10431.719
4.206058337037163,0.05940402222751572,6.464192285838154,0.057,4.25,10438.547
4.206092905071138,0.05938753769138556,6.482491930647002,0.058,4.25,10445.312
4.206075206162372,0.056594911562226624,6.483834293194327,0.057,4.25,10452.078
4.20618194080463,0.0583024301042811,6.46720158900557,0.057,4.25,10458.89
4.206147111292922,0.05783968612141204,6.39806228750347,0.057,4.25,10465.734
4.206222401553459,0.058253128451012375,6.27453508570675,0.057,4.25,10472.5
4.206248542973938,0.05961199743205022,6.11593191299674,0.057,4.25,10479.328
4.206194461037204,0.05791235359265593,5.998475890921365,0.057,4.25,10486.172
4.206187112920955,0.05935028533634989,5.91630174710861,0.057,4.25,10492.922
4.20636802848665,0.05588177271918434,5.859717617361538,0.057,4.25,10499.75
4.206200893888022,0.059676030220943914,5.8046476544063355,0.057,4.25,10506.578
4.206206664123241,0.05681663562861651,5.761314741745791,0.057,4.25,10513.359
4.206360677655108,0.05993857952520797,5.686141536328512,0.057,4.25,10520.172
4.206342290487836,0.05899727709897786,5.626332546507753,0.057,4.25,10527.0
4.206485218813037,0.059096472212353604,5.553725596003281,0.057,4.25,10533.781
4.206493535713533,0.05754896759256532,5.4858197162814495,0.057,4.25,10540.594
4.206427838109361,0.057791641299314404,5.426784144298311,0.057,4.25,10547.437
4.206624616594196,0.0577534605727602,5.380052627903512,0.057,4.25,10554.187
4.20496606547052,0.04919302898552085,5.29931543269597,0.049,4.245,10560.969
4.204841110452566,0.05085373504466287,5.246044250638527,0.049,4.245,10567.781
4.204897578554581,0.050374505244273386,5.178472298418257,0.049,4.245,10574.625
4.20471721568061,0.05180533337161269,5.132867062481413,0.049,4.245,10581.375
4.204820023484596,0.04880816630826539,5.011096879499239,0.049,4.245,10588.14
4.204853291466629,0.04965731969441907,4.9838020794229845,0.049,4.245,10594.953
4.204933947951287,0.049511337268416805,4.884114308132191,0.049,4.245,10601.781
4.204940414647779,0.05163194262371365,4.810265218632386,0.049,4.245,10608.547
4.204711036385261,0.05188790708313778,4.79015690528306,0.049,4.245,10615.297
4.2047769878767065,0.050230051778356544,4.763779635861913,0.049,4.245,10622.125
4.204970752889939,0.04956856867743411,4.693383064771243,0.049,4.245,10628.953
4.2048549514874605,0.04924418509134044,4.6497047201025765,0.049,4.245,10635.719
4.204940859957032,0.049371508700428494,4.601730581719371,0.049,4.245,10642.531
4.204963467531616,0.05107873839344667,4.544678334766267,0.049,4.245,10649.375
4.205062653844118,0.04912847900121608,4.513809488161335,0.049,4.245,10656.125
4.205039899706215,0.04971858160391822,4.513284684849527,0.049,4.245,10662.906
4.205075457246826,0.04830032910778818,4.559603457405529,0.049,4.245,10669.719
4.205073022719512,0.05001399984012674,4.6243727620373365,0.049,4.245,10676.547
4.204947048532336,0.04894805823126964,4.650153377021602,0.049,4.245,10683.328
4.205137963091084,0.04977178780861047,4.65710901580707,0.049,4.245,10690.078
4.205110707390607,0.04854337530953879,4.687312078938538,0.049,4.245,10696.906
4.205141077180336,0.04925759344605928,4.705392472938701,0.049,4.245,10703.75
4.205132851463697,0.048484827852577884,4.7465936653152205,0.049,4.245,10710.5
4.205105703108598,0.049692167326174715,4.765807312951213,0.049,4.245,10717.265
4.205054321139021,0.04984999822053721,4.767075317051813,0.049,4.245,10724.078
4.205067868366232,0.04903805656425627,4.775074962394094,0.049,4.245,10730.906
4.205277361134091,0.05033588908880603,4.785398597063576,0.049,4.245,10737.672
4.205156077363423,0.04965433137157824,4.798704374261285,0.049,4.245,10744.437
4.205132899694392,0.050212767545750346,4.834827582698343,0.049,4.245,10751.25
4.205172001639033,0.051361972951385,4.859625856320767,0.049,4.245,10758.078
4.205145185018423,0.04895034757755998,4.858735837231411,0.049,4.245,10764.844
4.205116263419935,0.04941826906631993,4.884876600990037,0.049,4.245,10771.594
4.205255270478232,0.04883650706956228,4.879415641016024,0.049,4.245,10778.437
4.205210965363268,0.04850782898994543,4.8916525206088926,0.049,4.245,10785.281
4.205377105671532,0.048166794342060754,4.9152034926638315,0.047,4.245,10792.047
4.205266253677736,0.05018890658860845,4.917772395908608,0.049,4.245,10798.859
4.205219439118343,0.047830110070064706,4.922897303197841,0.047,4.245,10805.687
